dt_sin_pri,notified,probable,lab_confirmed,acum_notified,acum_probable,acum_lab_confirmed
2010-01-01,1,1,1,1,1,1
2010-01-02,0,0,0,1,1,1
2010-01-03,1,0,0,2,1,1
2010-01-04,2,2,0,4,3,1
2010-01-05,1,0,0,5,3,1
2010-01-06,4,1,0,9,4,1
2010-01-07,2,2,1,11,6,2
2010-01-08,3,2,0,14,8,2
2010-01-09,0,0,0,14,8,2
2010-01-10,2,1,0,16,9,2
2010-01-11,0,0,0,16,9,2
2010-01-12,6,3,3,22,12,5
2010-01-13,4,2,2,26,14,7
2010-01-14,6,3,2,32,17,9
2010-01-15,1,0,0,33,17,9
2010-01-16,4,4,3,37,21,12
2010-01-17,6,2,2,43,23,14
2010-01-18,7,1,0,50,24,14
2010-01-19,3,2,2,53,26,16
2010-01-20,5,2,1,58,28,17
2010-01-21,7,6,6,65,34,23
2010-01-22,2,2,2,67,36,25
2010-01-23,2,2,1,69,38,26
2010-01-24,2,1,0,71,39,26
2010-01-25,2,0,0,73,39,26
2010-01-26,5,4,3,78,43,29
2010-01-27,4,4,3,82,47,32
2010-01-28,6,6,2,88,53,34
2010-01-29,1,0,0,89,53,34
2010-01-30,6,4,4,95,57,38
2010-01-31,6,6,3,101,63,41
2010-02-01,9,9,5,110,72,46
2010-02-02,5,5,3,115,77,49
2010-02-03,11,8,3,126,85,52
2010-02-04,4,1,1,130,86,53
2010-02-05,7,7,5,137,93,58
2010-02-06,6,5,2,143,98,60
2010-02-07,6,5,3,149,103,63
2010-02-08,11,7,4,160,110,67
2010-02-09,10,10,7,170,120,74
2010-02-10,15,15,13,185,135,87
2010-02-11,17,16,11,202,151,98
2010-02-12,15,12,9,217,163,107
2010-02-13,12,11,7,229,174,114
2010-02-14,13,13,10,242,187,124
2010-02-15,17,12,10,259,199,134
2010-02-16,10,9,6,269,208,140
2010-02-17,13,10,7,282,218,147
2010-02-18,14,11,5,296,229,152
2010-02-19,19,12,9,315,241,161
2010-02-20,12,8,6,327,249,167
2010-02-21,23,20,14,350,269,181
2010-02-22,15,11,8,365,280,189
2010-02-23,26,20,16,391,300,205
2010-02-24,24,19,16,415,319,221
2010-02-25,21,15,10,436,334,231
2010-02-26,26,20,14,462,354,245
2010-02-27,31,22,12,493,376,257
2010-02-28,40,35,19,533,411,276
2010-03-01,41,30,17,574,441,293
2010-03-02,41,38,21,615,479,314
2010-03-03,51,42,22,666,521,336
2010-03-04,50,36,25,716,557,361
2010-03-05,54,43,32,770,600,393
2010-03-06,54,47,25,824,647,418
2010-03-07,70,53,26,894,700,444
2010-03-08,90,72,44,984,772,488
2010-03-09,59,42,17,1043,814,505
2010-03-10,84,69,39,1127,883,544
2010-03-11,59,47,25,1186,930,569
2010-03-12,80,68,29,1266,998,598
2010-03-13,59,55,32,1325,1053,630
2010-03-14,77,59,35,1402,1112,665
2010-03-15,107,86,45,1509,1198,710
2010-03-16,94,82,46,1603,1280,756
2010-03-17,95,84,49,1698,1364,805
2010-03-18,74,63,39,1772,1427,844
2010-03-19,66,59,36,1838,1486,880
2010-03-20,81,70,48,1919,1556,928
2010-03-21,104,91,52,2023,1647,980
2010-03-22,118,97,53,2141,1744,1033
2010-03-23,119,103,66,2260,1847,1099
2010-03-24,149,129,69,2409,1976,1168
2010-03-25,122,111,58,2531,2087,1226
2010-03-26,122,105,60,2653,2192,1286
2010-03-27,108,94,59,2761,2286,1345
2010-03-28,123,108,56,2884,2394,1401
2010-03-29,129,109,48,3013,2503,1449
2010-03-30,114,94,53,3127,2597,1502
2010-03-31,103,91,53,3230,2688,1555
2010-04-01,113,100,72,3343,2788,1627
2010-04-02,104,90,58,3447,2878,1685
2010-04-03,121,111,69,3568,2989,1754
2010-04-04,104,90,52,3672,3079,1806
2010-04-05,145,131,79,3817,3210,1885
2010-04-06,134,115,80,3951,3325,1965
2010-04-07,144,131,83,4095,3456,2048
2010-04-08,121,109,67,4216,3565,2115
2010-04-09,108,98,60,4324,3663,2175
2010-04-10,134,116,56,4458,3779,2231
2010-04-11,115,99,45,4573,3878,2276
2010-04-12,123,110,52,4696,3988,2328
2010-04-13,133,112,46,4829,4100,2374
2010-04-14,127,108,35,4956,4208,2409
2010-04-15,112,104,37,5068,4312,2446
2010-04-16,112,106,18,5180,4418,2464
2010-04-17,90,83,20,5270,4501,2484
2010-04-18,107,97,24,5377,4598,2508
2010-04-19,125,114,22,5502,4712,2530
2010-04-20,103,97,30,5605,4809,2560
2010-04-21,89,86,18,5694,4895,2578
2010-04-22,103,100,23,5797,4995,2601
2010-04-23,141,137,27,5938,5132,2628
2010-04-24,119,116,22,6057,5248,2650
2010-04-25,129,123,27,6186,5371,2677
2010-04-26,145,137,31,6331,5508,2708
2010-04-27,100,98,14,6431,5606,2722
2010-04-28,105,100,14,6536,5706,2736
2010-04-29,87,82,15,6623,5788,2751
2010-04-30,70,68,11,6693,5856,2762
2010-05-01,89,82,12,6782,5938,2774
2010-05-02,107,106,15,6889,6044,2789
2010-05-03,117,114,14,7006,6158,2803
2010-05-04,100,96,14,7106,6254,2817
2010-05-05,104,102,15,7210,6356,2832
2010-05-06,82,74,8,7292,6430,2840
2010-05-07,88,86,7,7380,6516,2847
2010-05-08,78,74,7,7458,6590,2854
2010-05-09,85,84,4,7543,6674,2858
2010-05-10,89,87,14,7632,6761,2872
2010-05-11,77,72,11,7709,6833,2883
2010-05-12,78,76,8,7787,6909,2891
2010-05-13,55,52,8,7842,6961,2899
2010-05-14,37,35,4,7879,6996,2903
2010-05-15,38,38,1,7917,7034,2904
2010-05-16,43,42,5,7960,7076,2909
2010-05-17,40,39,1,8000,7115,2910
2010-05-18,30,29,2,8030,7144,2912
2010-05-19,28,26,0,8058,7170,2912
2010-05-20,32,29,4,8090,7199,2916
2010-05-21,22,22,0,8112,7221,2916
2010-05-22,26,25,3,8138,7246,2919
2010-05-23,27,24,1,8165,7270,2920
2010-05-24,11,11,0,8176,7281,2920
2010-05-25,13,12,0,8189,7293,2920
2010-05-26,13,11,1,8202,7304,2921
2010-05-27,11,11,0,8213,7315,2921
2010-05-28,27,25,4,8240,7340,2925
2010-05-29,8,8,0,8248,7348,2925
2010-05-30,19,17,0,8267,7365,2925
2010-05-31,6,6,0,8273,7371,2925
2010-06-01,10,10,1,8283,7381,2926
2010-06-02,6,5,0,8289,7386,2926
2010-06-03,4,4,0,8293,7390,2926
2010-06-04,6,5,0,8299,7395,2926
2010-06-05,9,8,1,8308,7403,2927
2010-06-06,8,8,2,8316,7411,2929
2010-06-07,5,4,0,8321,7415,2929
2010-06-08,9,9,1,8330,7424,2930
2010-06-09,12,11,2,8342,7435,2932
2010-06-10,5,5,0,8347,7440,2932
2010-06-11,6,6,0,8353,7446,2932
2010-06-12,4,3,0,8357,7449,2932
2010-06-13,8,8,0,8365,7457,2932
2010-06-14,13,11,1,8378,7468,2933
2010-06-15,12,12,2,8390,7480,2935
2010-06-16,10,9,0,8400,7489,2935
2010-06-17,7,7,0,8407,7496,2935
2010-06-18,4,4,1,8411,7500,2936
2010-06-19,10,9,1,8421,7509,2937
2010-06-20,9,8,3,8430,7517,2940
2010-06-21,7,7,3,8437,7524,2943
2010-06-22,8,7,0,8445,7531,2943
2010-06-23,7,6,1,8452,7537,2944
2010-06-24,10,10,0,8462,7547,2944
2010-06-25,9,8,1,8471,7555,2945
2010-06-26,9,8,0,8480,7563,2945
2010-06-27,6,4,1,8486,7567,2946
2010-06-28,14,11,2,8500,7578,2948
2010-06-29,4,3,1,8504,7581,2949
2010-06-30,5,4,0,8509,7585,2949
2010-07-01,3,3,0,8512,7588,2949
2010-07-02,9,9,2,8521,7597,2951
2010-07-03,3,3,1,8524,7600,2952
2010-07-04,9,7,1,8533,7607,2953
2010-07-05,7,4,0,8540,7611,2953
2010-07-06,9,6,3,8549,7617,2956
2010-07-07,9,7,1,8558,7624,2957
2010-07-08,6,5,0,8564,7629,2957
2010-07-09,1,1,1,8565,7630,2958
2010-07-10,4,3,1,8569,7633,2959
2010-07-11,6,4,0,8575,7637,2959
2010-07-12,5,3,0,8580,7640,2959
2010-07-13,3,2,0,8583,7642,2959
2010-07-14,1,0,0,8584,7642,2959
2010-07-15,3,3,0,8587,7645,2959
2010-07-16,3,2,0,8590,7647,2959
2010-07-17,2,2,0,8592,7649,2959
2010-07-18,0,0,0,8592,7649,2959
2010-07-19,0,0,0,8592,7649,2959
2010-07-20,2,0,0,8594,7649,2959
2010-07-21,1,1,0,8595,7650,2959
2010-07-22,4,2,0,8599,7652,2959
2010-07-23,1,1,0,8600,7653,2959
2010-07-24,6,3,0,8606,7656,2959
2010-07-25,3,3,0,8609,7659,2959
2010-07-26,2,2,0,8611,7661,2959
2010-07-27,0,0,0,8611,7661,2959
2010-07-28,1,0,0,8612,7661,2959
2010-07-29,2,1,0,8614,7662,2959
2010-07-30,1,0,0,8615,7662,2959
2010-07-31,0,0,0,8615,7662,2959
2010-08-01,0,0,0,8615,7662,2959
2010-08-02,2,1,0,8617,7663,2959
2010-08-03,0,0,0,8617,7663,2959
2010-08-04,0,0,0,8617,7663,2959
2010-08-05,1,1,0,8618,7664,2959
2010-08-06,2,0,0,8620,7664,2959
2010-08-07,0,0,0,8620,7664,2959
2010-08-08,0,0,0,8620,7664,2959
2010-08-09,2,1,0,8622,7665,2959
2010-08-10,0,0,0,8622,7665,2959
2010-08-11,1,0,0,8623,7665,2959
2010-08-12,1,1,0,8624,7666,2959
2010-08-13,0,0,0,8624,7666,2959
2010-08-14,0,0,0,8624,7666,2959
2010-08-15,1,1,0,8625,7667,2959
2010-08-16,1,1,0,8626,7668,2959
2010-08-17,1,0,0,8627,7668,2959
2010-08-18,0,0,0,8627,7668,2959
2010-08-19,2,2,0,8629,7670,2959
2010-08-20,1,0,0,8630,7670,2959
2010-08-21,2,2,0,8632,7672,2959
2010-08-22,0,0,0,8632,7672,2959
2010-08-23,2,0,0,8634,7672,2959
2010-08-24,0,0,0,8634,7672,2959
2010-08-25,3,2,0,8637,7674,2959
2010-08-26,0,0,0,8637,7674,2959
2010-08-27,1,0,0,8638,7674,2959
2010-08-28,0,0,0,8638,7674,2959
2010-08-29,2,2,0,8640,7676,2959
2010-08-30,2,1,0,8642,7677,2959
2010-08-31,1,1,1,8643,7678,2960
2010-09-01,3,2,0,8646,7680,2960
2010-09-02,0,0,0,8646,7680,2960
2010-09-03,0,0,0,8646,7680,2960
2010-09-04,1,1,0,8647,7681,2960
2010-09-05,0,0,0,8647,7681,2960
2010-09-06,3,2,0,8650,7683,2960
2010-09-07,0,0,0,8650,7683,2960
2010-09-08,3,2,0,8653,7685,2960
2010-09-09,0,0,0,8653,7685,2960
2010-09-10,0,0,0,8653,7685,2960
2010-09-11,0,0,0,8653,7685,2960
2010-09-12,1,0,0,8654,7685,2960
2010-09-13,2,1,0,8656,7686,2960
2010-09-14,0,0,0,8656,7686,2960
2010-09-15,0,0,0,8656,7686,2960
2010-09-16,2,2,0,8658,7688,2960
2010-09-17,1,0,0,8659,7688,2960
2010-09-18,2,0,0,8661,7688,2960
2010-09-19,1,1,0,8662,7689,2960
2010-09-20,2,2,0,8664,7691,2960
2010-09-21,0,0,0,8664,7691,2960
2010-09-22,3,2,0,8667,7693,2960
2010-09-23,0,0,0,8667,7693,2960
2010-09-24,2,0,0,8669,7693,2960
2010-09-25,0,0,0,8669,7693,2960
2010-09-26,0,0,0,8669,7693,2960
2010-09-27,1,1,0,8670,7694,2960
2010-09-28,1,1,0,8671,7695,2960
2010-09-29,1,0,0,8672,7695,2960
2010-09-30,2,2,0,8674,7697,2960
2010-10-01,0,0,0,8674,7697,2960
2010-10-02,0,0,0,8674,7697,2960
2010-10-03,1,0,0,8675,7697,2960
2010-10-04,0,0,0,8675,7697,2960
2010-10-05,3,2,0,8678,7699,2960
2010-10-06,0,0,0,8678,7699,2960
2010-10-07,1,1,0,8679,7700,2960
2010-10-08,0,0,0,8679,7700,2960
2010-10-09,1,1,0,8680,7701,2960
2010-10-10,0,0,0,8680,7701,2960
2010-10-11,2,2,1,8682,7703,2961
2010-10-12,4,2,0,8686,7705,2961
2010-10-13,0,0,0,8686,7705,2961
2010-10-14,3,3,0,8689,7708,2961
2010-10-15,2,1,0,8691,7709,2961
2010-10-16,0,0,0,8691,7709,2961
2010-10-17,1,0,0,8692,7709,2961
2010-10-18,2,1,0,8694,7710,2961
2010-10-19,1,0,0,8695,7710,2961
2010-10-20,2,0,0,8697,7710,2961
2010-10-21,3,1,0,8700,7711,2961
2010-10-22,5,3,0,8705,7714,2961
2010-10-23,5,5,0,8710,7719,2961
2010-10-24,6,5,0,8716,7724,2961
2010-10-25,7,7,0,8723,7731,2961
2010-10-26,3,1,0,8726,7732,2961
2010-10-27,3,3,0,8729,7735,2961
2010-10-28,4,1,1,8733,7736,2962
2010-10-29,8,7,1,8741,7743,2963
2010-10-30,5,1,0,8746,7744,2963
2010-10-31,4,1,0,8750,7745,2963
2010-11-01,2,1,0,8752,7746,2963
2010-11-02,6,4,0,8758,7750,2963
2010-11-03,4,3,0,8762,7753,2963
2010-11-04,2,2,0,8764,7755,2963
2010-11-05,4,3,0,8768,7758,2963
2010-11-06,2,1,0,8770,7759,2963
2010-11-07,4,3,0,8774,7762,2963
2010-11-08,4,3,1,8778,7765,2964
2010-11-09,4,2,0,8782,7767,2964
2010-11-10,5,4,0,8787,7771,2964
2010-11-11,5,3,0,8792,7774,2964
2010-11-12,3,1,0,8795,7775,2964
2010-11-13,6,4,0,8801,7779,2964
2010-11-14,5,3,0,8806,7782,2964
2010-11-15,8,7,0,8814,7789,2964
2010-11-16,7,6,0,8821,7795,2964
2010-11-17,7,5,0,8828,7800,2964
2010-11-18,3,1,0,8831,7801,2964
2010-11-19,1,0,0,8832,7801,2964
2010-11-20,4,2,0,8836,7803,2964
2010-11-21,4,3,1,8840,7806,2965
2010-11-22,10,8,1,8850,7814,2966
2010-11-23,6,5,0,8856,7819,2966
2010-11-24,4,2,0,8860,7821,2966
2010-11-25,3,1,0,8863,7822,2966
2010-11-26,5,4,0,8868,7826,2966
2010-11-27,3,3,0,8871,7829,2966
2010-11-28,2,1,0,8873,7830,2966
2010-11-29,2,1,0,8875,7831,2966
2010-11-30,5,2,0,8880,7833,2966
2010-12-01,7,4,0,8887,7837,2966
2010-12-02,5,3,0,8892,7840,2966
2010-12-03,4,2,0,8896,7842,2966
2010-12-04,2,1,0,8898,7843,2966
2010-12-05,7,6,0,8905,7849,2966
2010-12-06,18,12,1,8923,7861,2967
2010-12-07,8,7,1,8931,7868,2968
2010-12-08,11,5,0,8942,7873,2968
2010-12-09,14,9,1,8956,7882,2969
2010-12-10,15,9,0,8971,7891,2969
2010-12-11,14,10,1,8985,7901,2970
2010-12-12,19,14,0,9004,7915,2970
2010-12-13,17,12,1,9021,7927,2971
2010-12-14,21,16,1,9042,7943,2972
2010-12-15,20,16,1,9062,7959,2973
2010-12-16,17,15,0,9079,7974,2973
2010-12-17,18,13,0,9097,7987,2973
2010-12-18,13,11,0,9110,7998,2973
2010-12-19,9,5,0,9119,8003,2973
2010-12-20,23,17,3,9142,8020,2976
2010-12-21,13,9,2,9155,8029,2978
2010-12-22,13,9,0,9168,8038,2978
2010-12-23,7,5,1,9175,8043,2979
2010-12-24,5,2,0,9180,8045,2979
2010-12-25,11,5,1,9191,8050,2980
2010-12-26,6,5,0,9197,8055,2980
2010-12-27,8,6,1,9205,8061,2981
2010-12-28,13,9,2,9218,8070,2983
2010-12-29,19,11,2,9237,8081,2985
2010-12-30,6,4,0,9243,8085,2985
2010-12-31,15,0,0,9258,8085,2985
2011-01-01,5,1,1,9263,8086,2986
2011-01-02,7,0,0,9270,8086,2986
2011-01-03,11,0,0,9281,8086,2986
2011-01-04,12,2,2,9293,8088,2988
2011-01-05,21,1,1,9314,8089,2989
2011-01-06,12,2,2,9326,8091,2991
2011-01-07,4,1,1,9330,8092,2992
2011-01-08,8,1,1,9338,8093,2993
2011-01-09,6,2,2,9344,8095,2995
2011-01-10,10,2,2,9354,8097,2997
2011-01-11,10,0,0,9364,8097,2997
2011-01-12,16,2,2,9380,8099,2999
2011-01-13,8,0,0,9388,8099,2999
2011-01-14,11,2,2,9399,8101,3001
2011-01-15,12,1,1,9411,8102,3002
2011-01-16,11,2,2,9422,8104,3004
2011-01-17,11,5,5,9433,8109,3009
2011-01-18,13,4,4,9446,8113,3013
2011-01-19,14,3,3,9460,8116,3016
2011-01-20,20,5,5,9480,8121,3021
2011-01-21,13,1,1,9493,8122,3022
2011-01-22,24,3,3,9517,8125,3025
2011-01-23,22,2,2,9539,8127,3027
2011-01-24,22,4,4,9561,8131,3031
2011-01-25,19,5,5,9580,8136,3036
2011-01-26,24,7,7,9604,8143,3043
2011-01-27,16,2,2,9620,8145,3045
2011-01-28,9,3,3,9629,8148,3048
2011-01-29,16,2,2,9645,8150,3050
2011-01-30,14,4,4,9659,8154,3054
2011-01-31,16,5,5,9675,8159,3059
2011-02-01,28,10,10,9703,8169,3069
2011-02-02,15,3,2,9718,8172,3071
2011-02-03,19,9,9,9737,8181,3080
2011-02-04,12,3,3,9749,8184,3083
2011-02-05,18,1,1,9767,8185,3084
2011-02-06,11,3,3,9778,8188,3087
2011-02-07,19,5,5,9797,8193,3092
2011-02-08,21,8,7,9818,8201,3099
2011-02-09,26,6,6,9844,8207,3105
2011-02-10,12,2,2,9856,8209,3107
2011-02-11,29,11,11,9885,8220,3118
2011-02-12,25,8,8,9910,8228,3126
2011-02-13,18,5,4,9928,8233,3130
2011-02-14,33,5,5,9961,8238,3135
2011-02-15,26,9,9,9987,8247,3144
2011-02-16,23,4,4,10010,8251,3148
2011-02-17,33,12,12,10043,8263,3160
2011-02-18,33,4,4,10076,8267,3164
2011-02-19,35,9,7,10111,8276,3171
2011-02-20,31,14,14,10142,8290,3185
2011-02-21,47,12,10,10189,8302,3195
2011-02-22,40,13,12,10229,8315,3207
2011-02-23,32,9,9,10261,8324,3216
2011-02-24,43,15,15,10304,8339,3231
2011-02-25,48,16,15,10352,8355,3246
2011-02-26,48,22,20,10400,8377,3266
2011-02-27,39,16,14,10439,8393,3280
2011-02-28,72,27,20,10511,8420,3300
2011-03-01,63,27,22,10574,8447,3322
2011-03-02,51,14,11,10625,8461,3333
2011-03-03,54,15,12,10679,8476,3345
2011-03-04,61,30,27,10740,8506,3372
2011-03-05,51,18,15,10791,8524,3387
2011-03-06,48,12,7,10839,8536,3394
2011-03-07,55,29,23,10894,8565,3417
2011-03-08,59,26,20,10953,8591,3437
2011-03-09,45,14,11,10998,8605,3448
2011-03-10,74,44,28,11072,8649,3476
2011-03-11,73,50,21,11145,8699,3497
2011-03-12,66,56,18,11211,8755,3515
2011-03-13,61,54,26,11272,8809,3541
2011-03-14,83,71,32,11355,8880,3573
2011-03-15,73,61,28,11428,8941,3601
2011-03-16,72,59,29,11500,9000,3630
2011-03-17,92,79,37,11592,9079,3667
2011-03-18,86,70,38,11678,9149,3705
2011-03-19,93,83,36,11771,9232,3741
2011-03-20,108,83,41,11879,9315,3782
2011-03-21,156,123,59,12035,9438,3841
2011-03-22,118,84,44,12153,9522,3885
2011-03-23,97,52,31,12250,9574,3916
2011-03-24,106,52,44,12356,9626,3960
2011-03-25,105,40,36,12461,9666,3996
2011-03-26,82,30,28,12543,9696,4024
2011-03-27,90,31,30,12633,9727,4054
2011-03-28,116,44,43,12749,9771,4097
2011-03-29,123,41,39,12872,9812,4136
2011-03-30,113,37,36,12985,9849,4172
2011-03-31,68,14,13,13053,9863,4185
2011-04-01,79,28,26,13132,9891,4211
2011-04-02,65,34,34,13197,9925,4245
2011-04-03,78,31,28,13275,9956,4273
2011-04-04,87,28,26,13362,9984,4299
2011-04-05,71,19,19,13433,10003,4318
2011-04-06,74,22,19,13507,10025,4337
2011-04-07,75,25,23,13582,10050,4360
2011-04-08,59,18,16,13641,10068,4376
2011-04-09,56,18,16,13697,10086,4392
2011-04-10,75,22,17,13772,10108,4409
2011-04-11,55,11,7,13827,10119,4416
2011-04-12,53,17,13,13880,10136,4429
2011-04-13,41,21,11,13921,10157,4440
2011-04-14,46,23,9,13967,10180,4449
2011-04-15,25,14,6,13992,10194,4455
2011-04-16,31,18,8,14023,10212,4463
2011-04-17,41,26,5,14064,10238,4468
2011-04-18,42,26,11,14106,10264,4479
2011-04-19,32,21,5,14138,10285,4484
2011-04-20,23,18,6,14161,10303,4490
2011-04-21,12,9,4,14173,10312,4494
2011-04-22,12,3,0,14185,10315,4494
2011-04-23,15,11,2,14200,10326,4496
2011-04-24,29,17,3,14229,10343,4499
2011-04-25,26,20,3,14255,10363,4502
2011-04-26,25,16,5,14280,10379,4507
2011-04-27,18,9,0,14298,10388,4507
2011-04-28,16,7,2,14314,10395,4509
2011-04-29,16,11,7,14330,10406,4516
2011-04-30,9,3,2,14339,10409,4518
2011-05-01,11,5,2,14350,10414,4520
2011-05-02,14,10,4,14364,10424,4524
2011-05-03,13,3,1,14377,10427,4525
2011-05-04,8,4,2,14385,10431,4527
2011-05-05,14,2,1,14399,10433,4528
2011-05-06,7,1,0,14406,10434,4528
2011-05-07,6,2,1,14412,10436,4529
2011-05-08,13,0,0,14425,10436,4529
2011-05-09,15,3,2,14440,10439,4531
2011-05-10,12,1,1,14452,10440,4532
2011-05-11,14,1,1,14466,10441,4533
2011-05-12,7,0,0,14473,10441,4533
2011-05-13,10,0,0,14483,10441,4533
2011-05-14,5,2,2,14488,10443,4535
2011-05-15,4,1,0,14492,10444,4535
2011-05-16,13,0,0,14505,10444,4535
2011-05-17,12,1,1,14517,10445,4536
2011-05-18,5,0,0,14522,10445,4536
2011-05-19,4,0,0,14526,10445,4536
2011-05-20,8,3,0,14534,10448,4536
2011-05-21,6,2,0,14540,10450,4536
2011-05-22,3,1,0,14543,10451,4536
2011-05-23,17,4,1,14560,10455,4537
2011-05-24,10,1,1,14570,10456,4538
2011-05-25,5,0,0,14575,10456,4538
2011-05-26,7,1,1,14582,10457,4539
2011-05-27,6,1,1,14588,10458,4540
2011-05-28,5,0,0,14593,10458,4540
2011-05-29,2,0,0,14595,10458,4540
2011-05-30,5,0,0,14600,10458,4540
2011-05-31,10,0,0,14610,10458,4540
2011-06-01,2,0,0,14612,10458,4540
2011-06-02,6,0,0,14618,10458,4540
2011-06-03,3,1,1,14621,10459,4541
2011-06-04,1,0,0,14622,10459,4541
2011-06-05,1,0,0,14623,10459,4541
2011-06-06,5,1,1,14628,10460,4542
2011-06-07,2,0,0,14630,10460,4542
2011-06-08,1,0,0,14631,10460,4542
2011-06-09,2,0,0,14633,10460,4542
2011-06-10,3,0,0,14636,10460,4542
2011-06-11,1,0,0,14637,10460,4542
2011-06-12,1,0,0,14638,10460,4542
2011-06-13,6,0,0,14644,10460,4542
2011-06-14,1,0,0,14645,10460,4542
2011-06-15,4,0,0,14649,10460,4542
2011-06-16,5,2,2,14654,10462,4544
2011-06-17,0,0,0,14654,10462,4544
2011-06-18,3,0,0,14657,10462,4544
2011-06-19,1,0,0,14658,10462,4544
2011-06-20,4,0,0,14662,10462,4544
2011-06-21,2,0,0,14664,10462,4544
2011-06-22,0,0,0,14664,10462,4544
2011-06-23,3,0,0,14667,10462,4544
2011-06-24,1,0,0,14668,10462,4544
2011-06-25,2,0,0,14670,10462,4544
2011-06-26,0,0,0,14670,10462,4544
2011-06-27,0,0,0,14670,10462,4544
2011-06-28,0,0,0,14670,10462,4544
2011-06-29,1,0,0,14671,10462,4544
2011-06-30,3,0,0,14674,10462,4544
2011-07-01,0,0,0,14674,10462,4544
2011-07-02,0,0,0,14674,10462,4544
2011-07-03,0,0,0,14674,10462,4544
2011-07-04,3,0,0,14677,10462,4544
2011-07-05,3,1,1,14680,10463,4545
2011-07-06,0,0,0,14680,10463,4545
2011-07-07,0,0,0,14680,10463,4545
2011-07-08,0,0,0,14680,10463,4545
2011-07-09,2,0,0,14682,10463,4545
2011-07-10,4,1,0,14686,10464,4545
2011-07-11,1,0,0,14687,10464,4545
2011-07-12,2,0,0,14689,10464,4545
2011-07-13,5,0,0,14694,10464,4545
2011-07-14,0,0,0,14694,10464,4545
2011-07-15,1,0,0,14695,10464,4545
2011-07-16,0,0,0,14695,10464,4545
2011-07-17,2,0,0,14697,10464,4545
2011-07-18,0,0,0,14697,10464,4545
2011-07-19,1,0,0,14698,10464,4545
2011-07-20,7,0,0,14705,10464,4545
2011-07-21,0,0,0,14705,10464,4545
2011-07-22,1,0,0,14706,10464,4545
2011-07-23,0,0,0,14706,10464,4545
2011-07-24,1,0,0,14707,10464,4545
2011-07-25,3,0,0,14710,10464,4545
2011-07-26,2,0,0,14712,10464,4545
2011-07-27,2,1,0,14714,10465,4545
2011-07-28,1,0,0,14715,10465,4545
2011-07-29,0,0,0,14715,10465,4545
2011-07-30,1,0,0,14716,10465,4545
2011-07-31,0,0,0,14716,10465,4545
2011-08-01,1,0,0,14717,10465,4545
2011-08-02,1,0,0,14718,10465,4545
2011-08-03,2,0,0,14720,10465,4545
2011-08-04,2,0,0,14722,10465,4545
2011-08-05,0,0,0,14722,10465,4545
2011-08-06,1,0,0,14723,10465,4545
2011-08-07,6,1,0,14729,10466,4545
2011-08-08,0,0,0,14729,10466,4545
2011-08-09,2,0,0,14731,10466,4545
2011-08-10,2,1,1,14733,10467,4546
2011-08-11,2,1,1,14735,10468,4547
2011-08-12,2,0,0,14737,10468,4547
2011-08-13,3,0,0,14740,10468,4547
2011-08-14,3,0,0,14743,10468,4547
2011-08-15,2,0,0,14745,10468,4547
2011-08-16,1,0,0,14746,10468,4547
2011-08-17,1,0,0,14747,10468,4547
2011-08-18,3,0,0,14750,10468,4547
2011-08-19,3,0,0,14753,10468,4547
2011-08-20,1,0,0,14754,10468,4547
2011-08-21,0,0,0,14754,10468,4547
2011-08-22,3,1,1,14757,10469,4548
2011-08-23,0,0,0,14757,10469,4548
2011-08-24,1,0,0,14758,10469,4548
2011-08-25,3,0,0,14761,10469,4548
2011-08-26,3,1,1,14764,10470,4549
2011-08-27,3,0,0,14767,10470,4549
2011-08-28,3,0,0,14770,10470,4549
2011-08-29,3,0,0,14773,10470,4549
2011-08-30,3,0,0,14776,10470,4549
2011-08-31,5,0,0,14781,10470,4549
2011-09-01,4,0,0,14785,10470,4549
2011-09-02,2,0,0,14787,10470,4549
2011-09-03,8,0,0,14795,10470,4549
2011-09-04,6,0,0,14801,10470,4549
2011-09-05,2,0,0,14803,10470,4549
2011-09-06,4,0,0,14807,10470,4549
2011-09-07,0,0,0,14807,10470,4549
2011-09-08,1,0,0,14808,10470,4549
2011-09-09,3,0,0,14811,10470,4549
2011-09-10,3,0,0,14814,10470,4549
2011-09-11,3,0,0,14817,10470,4549
2011-09-12,4,0,0,14821,10470,4549
2011-09-13,7,0,0,14828,10470,4549
2011-09-14,3,0,0,14831,10470,4549
2011-09-15,2,0,0,14833,10470,4549
2011-09-16,3,0,0,14836,10470,4549
2011-09-17,3,0,0,14839,10470,4549
2011-09-18,5,0,0,14844,10470,4549
2011-09-19,3,0,0,14847,10470,4549
2011-09-20,2,0,0,14849,10470,4549
2011-09-21,4,1,1,14853,10471,4550
2011-09-22,4,0,0,14857,10471,4550
2011-09-23,3,0,0,14860,10471,4550
2011-09-24,0,0,0,14860,10471,4550
2011-09-25,7,0,0,14867,10471,4550
2011-09-26,5,0,0,14872,10471,4550
2011-09-27,4,0,0,14876,10471,4550
2011-09-28,6,0,0,14882,10471,4550
2011-09-29,6,0,0,14888,10471,4550
2011-09-30,5,1,1,14893,10472,4551
2011-10-01,3,0,0,14896,10472,4551
2011-10-02,5,0,0,14901,10472,4551
2011-10-03,6,0,0,14907,10472,4551
2011-10-04,3,0,0,14910,10472,4551
2011-10-05,6,1,1,14916,10473,4552
2011-10-06,8,0,0,14924,10473,4552
2011-10-07,4,0,0,14928,10473,4552
2011-10-08,5,0,0,14933,10473,4552
2011-10-09,4,1,1,14937,10474,4553
2011-10-10,7,0,0,14944,10474,4553
2011-10-11,7,0,0,14951,10474,4553
2011-10-12,4,0,0,14955,10474,4553
2011-10-13,6,0,0,14961,10474,4553
2011-10-14,9,0,0,14970,10474,4553
2011-10-15,3,0,0,14973,10474,4553
2011-10-16,4,0,0,14977,10474,4553
2011-10-17,7,2,2,14984,10476,4555
2011-10-18,13,0,0,14997,10476,4555
2011-10-19,12,0,0,15009,10476,4555
2011-10-20,3,0,0,15012,10476,4555
2011-10-21,11,1,1,15023,10477,4556
2011-10-22,2,0,0,15025,10477,4556
2011-10-23,2,0,0,15027,10477,4556
2011-10-24,5,0,0,15032,10477,4556
2011-10-25,8,0,0,15040,10477,4556
2011-10-26,6,0,0,15046,10477,4556
2011-10-27,4,0,0,15050,10477,4556
2011-10-28,1,0,0,15051,10477,4556
2011-10-29,4,0,0,15055,10477,4556
2011-10-30,9,0,0,15064,10477,4556
2011-10-31,3,1,1,15067,10478,4557
2011-11-01,0,0,0,15067,10478,4557
2011-11-02,5,0,0,15072,10478,4557
2011-11-03,4,0,0,15076,10478,4557
2011-11-04,4,0,0,15080,10478,4557
2011-11-05,5,0,0,15085,10478,4557
2011-11-06,3,0,0,15088,10478,4557
2011-11-07,4,0,0,15092,10478,4557
2011-11-08,4,0,0,15096,10478,4557
2011-11-09,3,0,0,15099,10478,4557
2011-11-10,5,0,0,15104,10478,4557
2011-11-11,3,0,0,15107,10478,4557
2011-11-12,4,0,0,15111,10478,4557
2011-11-13,3,0,0,15114,10478,4557
2011-11-14,6,1,0,15120,10479,4557
2011-11-15,11,0,0,15131,10479,4557
2011-11-16,12,0,0,15143,10479,4557
2011-11-17,14,0,0,15157,10479,4557
2011-11-18,8,0,0,15165,10479,4557
2011-11-19,6,1,1,15171,10480,4558
2011-11-20,14,0,0,15185,10480,4558
2011-11-21,9,2,1,15194,10482,4559
2011-11-22,15,0,0,15209,10482,4559
2011-11-23,21,0,0,15230,10482,4559
2011-11-24,13,0,0,15243,10482,4559
2011-11-25,10,0,0,15253,10482,4559
2011-11-26,11,0,0,15264,10482,4559
2011-11-27,14,0,0,15278,10482,4559
2011-11-28,10,1,0,15288,10483,4559
2011-11-29,14,1,1,15302,10484,4560
2011-11-30,12,0,0,15314,10484,4560
2011-12-01,11,0,0,15325,10484,4560
2011-12-02,12,0,0,15337,10484,4560
2011-12-03,11,1,0,15348,10485,4560
2011-12-04,11,0,0,15359,10485,4560
2011-12-05,16,0,0,15375,10485,4560
2011-12-06,15,1,1,15390,10486,4561
2011-12-07,9,1,1,15399,10487,4562
2011-12-08,15,0,0,15414,10487,4562
2011-12-09,14,0,0,15428,10487,4562
2011-12-10,11,1,0,15439,10488,4562
2011-12-11,18,0,0,15457,10488,4562
2011-12-12,33,1,0,15490,10489,4562
2011-12-13,17,1,1,15507,10490,4563
2011-12-14,15,0,0,15522,10490,4563
2011-12-15,8,1,1,15530,10491,4564
2011-12-16,12,1,0,15542,10492,4564
2011-12-17,9,0,0,15551,10492,4564
2011-12-18,15,0,0,15566,10492,4564
2011-12-19,8,0,0,15574,10492,4564
2011-12-20,8,0,0,15582,10492,4564
2011-12-21,10,0,0,15592,10492,4564
2011-12-22,4,0,0,15596,10492,4564
2011-12-23,5,0,0,15601,10492,4564
2011-12-24,10,0,0,15611,10492,4564
2011-12-25,4,0,0,15615,10492,4564
2011-12-26,7,1,1,15622,10493,4565
2011-12-27,13,0,0,15635,10493,4565
2011-12-28,7,1,1,15642,10494,4566
2011-12-29,5,0,0,15647,10494,4566
2011-12-30,7,0,0,15654,10494,4566
2011-12-31,5,0,0,15659,10494,4566
2012-01-01,7,0,0,15666,10494,4566
2012-01-02,8,0,0,15674,10494,4566
2012-01-03,10,1,1,15684,10495,4567
2012-01-04,5,0,0,15689,10495,4567
2012-01-05,5,0,0,15694,10495,4567
2012-01-06,7,0,0,15701,10495,4567
2012-01-07,6,0,0,15707,10495,4567
2012-01-08,7,0,0,15714,10495,4567
2012-01-09,12,0,0,15726,10495,4567
2012-01-10,11,1,1,15737,10496,4568
2012-01-11,5,0,0,15742,10496,4568
2012-01-12,11,0,0,15753,10496,4568
2012-01-13,3,0,0,15756,10496,4568
2012-01-14,7,1,1,15763,10497,4569
2012-01-15,4,1,1,15767,10498,4570
2012-01-16,6,1,1,15773,10499,4571
2012-01-17,6,0,0,15779,10499,4571
2012-01-18,5,0,0,15784,10499,4571
2012-01-19,11,0,0,15795,10499,4571
2012-01-20,9,0,0,15804,10499,4571
2012-01-21,7,1,1,15811,10500,4572
2012-01-22,5,0,0,15816,10500,4572
2012-01-23,8,0,0,15824,10500,4572
2012-01-24,2,0,0,15826,10500,4572
2012-01-25,6,0,0,15832,10500,4572
2012-01-26,9,1,1,15841,10501,4573
2012-01-27,4,1,1,15845,10502,4574
2012-01-28,3,1,1,15848,10503,4575
2012-01-29,8,1,1,15856,10504,4576
2012-01-30,6,2,1,15862,10506,4577
2012-01-31,4,0,0,15866,10506,4577
2012-02-01,8,0,0,15874,10506,4577
2012-02-02,7,0,0,15881,10506,4577
2012-02-03,4,0,0,15885,10506,4577
2012-02-04,2,0,0,15887,10506,4577
2012-02-05,4,0,0,15891,10506,4577
2012-02-06,7,3,3,15898,10509,4580
2012-02-07,6,1,1,15904,10510,4581
2012-02-08,6,1,1,15910,10511,4582
2012-02-09,2,1,1,15912,10512,4583
2012-02-10,7,2,2,15919,10514,4585
2012-02-11,1,0,0,15920,10514,4585
2012-02-12,3,0,0,15923,10514,4585
2012-02-13,5,0,0,15928,10514,4585
2012-02-14,1,0,0,15929,10514,4585
2012-02-15,1,0,0,15930,10514,4585
2012-02-16,6,2,1,15936,10516,4586
2012-02-17,5,0,0,15941,10516,4586
2012-02-18,2,1,1,15943,10517,4587
2012-02-19,2,0,0,15945,10517,4587
2012-02-20,7,2,2,15952,10519,4589
2012-02-21,10,2,2,15962,10521,4591
2012-02-22,5,1,1,15967,10522,4592
2012-02-23,4,0,0,15971,10522,4592
2012-02-24,9,2,2,15980,10524,4594
2012-02-25,5,1,1,15985,10525,4595
2012-02-26,2,1,1,15987,10526,4596
2012-02-27,2,0,0,15989,10526,4596
2012-02-28,3,0,0,15992,10526,4596
2012-02-29,5,0,0,15997,10526,4596
2012-03-01,4,1,1,16001,10527,4597
2012-03-02,4,0,0,16005,10527,4597
2012-03-03,8,0,0,16013,10527,4597
2012-03-04,3,0,0,16016,10527,4597
2012-03-05,13,1,1,16029,10528,4598
2012-03-06,5,1,1,16034,10529,4599
2012-03-07,1,0,0,16035,10529,4599
2012-03-08,2,0,0,16037,10529,4599
2012-03-09,5,3,3,16042,10532,4602
2012-03-10,5,0,0,16047,10532,4602
2012-03-11,7,1,1,16054,10533,4603
2012-03-12,5,1,1,16059,10534,4604
2012-03-13,8,1,1,16067,10535,4605
2012-03-14,6,1,1,16073,10536,4606
2012-03-15,3,0,0,16076,10536,4606
2012-03-16,2,0,0,16078,10536,4606
2012-03-17,8,1,1,16086,10537,4607
2012-03-18,6,1,1,16092,10538,4608
2012-03-19,6,0,0,16098,10538,4608
2012-03-20,5,0,0,16103,10538,4608
2012-03-21,6,0,0,16109,10538,4608
2012-03-22,1,0,0,16110,10538,4608
2012-03-23,6,2,2,16116,10540,4610
2012-03-24,3,0,0,16119,10540,4610
2012-03-25,6,1,1,16125,10541,4611
2012-03-26,8,1,1,16133,10542,4612
2012-03-27,3,1,1,16136,10543,4613
2012-03-28,5,0,0,16141,10543,4613
2012-03-29,3,0,0,16144,10543,4613
2012-03-30,2,0,0,16146,10543,4613
2012-03-31,0,0,0,16146,10543,4613
2012-04-01,5,1,1,16151,10544,4614
2012-04-02,2,0,0,16153,10544,4614
2012-04-03,3,0,0,16156,10544,4614
2012-04-04,2,1,1,16158,10545,4615
2012-04-05,1,0,0,16159,10545,4615
2012-04-06,9,3,3,16168,10548,4618
2012-04-07,3,2,2,16171,10550,4620
2012-04-08,8,3,3,16179,10553,4623
2012-04-09,5,1,1,16184,10554,4624
2012-04-10,5,0,0,16189,10554,4624
2012-04-11,4,0,0,16193,10554,4624
2012-04-12,5,1,1,16198,10555,4625
2012-04-13,7,0,0,16205,10555,4625
2012-04-14,5,3,3,16210,10558,4628
2012-04-15,2,1,1,16212,10559,4629
2012-04-16,7,0,0,16219,10559,4629
2012-04-17,2,1,1,16221,10560,4630
2012-04-18,5,0,0,16226,10560,4630
2012-04-19,1,0,0,16227,10560,4630
2012-04-20,2,0,0,16229,10560,4630
2012-04-21,4,1,1,16233,10561,4631
2012-04-22,4,1,1,16237,10562,4632
2012-04-23,4,1,1,16241,10563,4633
2012-04-24,8,2,2,16249,10565,4635
2012-04-25,2,0,0,16251,10565,4635
2012-04-26,2,1,1,16253,10566,4636
2012-04-27,3,1,1,16256,10567,4637
2012-04-28,4,1,1,16260,10568,4638
2012-04-29,3,1,1,16263,10569,4639
2012-04-30,4,3,3,16267,10572,4642
2012-05-01,2,1,1,16269,10573,4643
2012-05-02,3,0,0,16272,10573,4643
2012-05-03,3,0,0,16275,10573,4643
2012-05-04,6,2,2,16281,10575,4645
2012-05-05,3,2,2,16284,10577,4647
2012-05-06,2,1,1,16286,10578,4648
2012-05-07,4,1,1,16290,10579,4649
2012-05-08,4,0,0,16294,10579,4649
2012-05-09,2,0,0,16296,10579,4649
2012-05-10,5,0,0,16301,10579,4649
2012-05-11,3,1,1,16304,10580,4650
2012-05-12,2,1,1,16306,10581,4651
2012-05-13,3,0,0,16309,10581,4651
2012-05-14,1,0,0,16310,10581,4651
2012-05-15,1,0,0,16311,10581,4651
2012-05-16,2,1,1,16313,10582,4652
2012-05-17,3,0,0,16316,10582,4652
2012-05-18,4,1,1,16320,10583,4653
2012-05-19,1,0,0,16321,10583,4653
2012-05-20,3,0,0,16324,10583,4653
2012-05-21,8,2,2,16332,10585,4655
2012-05-22,3,0,0,16335,10585,4655
2012-05-23,4,1,1,16339,10586,4656
2012-05-24,1,0,0,16340,10586,4656
2012-05-25,1,0,0,16341,10586,4656
2012-05-26,2,0,0,16343,10586,4656
2012-05-27,0,0,0,16343,10586,4656
2012-05-28,0,0,0,16343,10586,4656
2012-05-29,3,0,0,16346,10586,4656
2012-05-30,3,1,1,16349,10587,4657
2012-05-31,2,0,0,16351,10587,4657
2012-06-01,1,1,1,16352,10588,4658
2012-06-02,0,0,0,16352,10588,4658
2012-06-03,3,0,0,16355,10588,4658
2012-06-04,1,1,1,16356,10589,4659
2012-06-05,1,0,0,16357,10589,4659
2012-06-06,0,0,0,16357,10589,4659
2012-06-07,1,1,1,16358,10590,4660
2012-06-08,0,0,0,16358,10590,4660
2012-06-09,4,0,0,16362,10590,4660
2012-06-10,1,0,0,16363,10590,4660
2012-06-11,3,0,0,16366,10590,4660
2012-06-12,3,0,0,16369,10590,4660
2012-06-13,2,0,0,16371,10590,4660
2012-06-14,0,0,0,16371,10590,4660
2012-06-15,0,0,0,16371,10590,4660
2012-06-16,3,0,0,16374,10590,4660
2012-06-17,2,0,0,16376,10590,4660
2012-06-18,1,0,0,16377,10590,4660
2012-06-19,1,0,0,16378,10590,4660
2012-06-20,2,0,0,16380,10590,4660
2012-06-21,1,0,0,16381,10590,4660
2012-06-22,3,1,1,16384,10591,4661
2012-06-23,1,0,0,16385,10591,4661
2012-06-24,0,0,0,16385,10591,4661
2012-06-25,4,2,2,16389,10593,4663
2012-06-26,2,0,0,16391,10593,4663
2012-06-27,3,0,0,16394,10593,4663
2012-06-28,2,0,0,16396,10593,4663
2012-06-29,0,0,0,16396,10593,4663
2012-06-30,2,1,1,16398,10594,4664
2012-07-01,1,0,0,16399,10594,4664
2012-07-02,1,1,1,16400,10595,4665
2012-07-03,1,1,1,16401,10596,4666
2012-07-04,0,0,0,16401,10596,4666
2012-07-05,0,0,0,16401,10596,4666
2012-07-06,1,1,1,16402,10597,4667
2012-07-07,1,0,0,16403,10597,4667
2012-07-08,3,2,2,16406,10599,4669
2012-07-09,2,2,2,16408,10601,4671
2012-07-10,0,0,0,16408,10601,4671
2012-07-11,0,0,0,16408,10601,4671
2012-07-12,0,0,0,16408,10601,4671
2012-07-13,0,0,0,16408,10601,4671
2012-07-14,1,1,1,16409,10602,4672
2012-07-15,0,0,0,16409,10602,4672
2012-07-16,0,0,0,16409,10602,4672
2012-07-17,0,0,0,16409,10602,4672
2012-07-18,0,0,0,16409,10602,4672
2012-07-19,0,0,0,16409,10602,4672
2012-07-20,0,0,0,16409,10602,4672
2012-07-21,0,0,0,16409,10602,4672
2012-07-22,0,0,0,16409,10602,4672
2012-07-23,0,0,0,16409,10602,4672
2012-07-24,0,0,0,16409,10602,4672
2012-07-25,0,0,0,16409,10602,4672
2012-07-26,3,0,0,16412,10602,4672
2012-07-27,0,0,0,16412,10602,4672
2012-07-28,1,0,0,16413,10602,4672
2012-07-29,0,0,0,16413,10602,4672
2012-07-30,1,1,1,16414,10603,4673
2012-07-31,0,0,0,16414,10603,4673
2012-08-01,1,1,1,16415,10604,4674
2012-08-02,1,0,0,16416,10604,4674
2012-08-03,1,0,0,16417,10604,4674
2012-08-04,0,0,0,16417,10604,4674
2012-08-05,0,0,0,16417,10604,4674
2012-08-06,1,0,0,16418,10604,4674
2012-08-07,1,1,1,16419,10605,4675
2012-08-08,2,1,1,16421,10606,4676
2012-08-09,0,0,0,16421,10606,4676
2012-08-10,0,0,0,16421,10606,4676
2012-08-11,0,0,0,16421,10606,4676
2012-08-12,1,0,0,16422,10606,4676
2012-08-13,1,0,0,16423,10606,4676
2012-08-14,1,0,0,16424,10606,4676
2012-08-15,0,0,0,16424,10606,4676
2012-08-16,0,0,0,16424,10606,4676
2012-08-17,1,0,0,16425,10606,4676
2012-08-18,0,0,0,16425,10606,4676
2012-08-19,0,0,0,16425,10606,4676
2012-08-20,1,1,1,16426,10607,4677
2012-08-21,4,0,0,16430,10607,4677
2012-08-22,1,0,0,16431,10607,4677
2012-08-23,0,0,0,16431,10607,4677
2012-08-24,0,0,0,16431,10607,4677
2012-08-25,0,0,0,16431,10607,4677
2012-08-26,2,0,0,16433,10607,4677
2012-08-27,0,0,0,16433,10607,4677
2012-08-28,1,0,0,16434,10607,4677
2012-08-29,0,0,0,16434,10607,4677
2012-08-30,0,0,0,16434,10607,4677
2012-08-31,1,0,0,16435,10607,4677
2012-09-01,2,0,0,16437,10607,4677
2012-09-02,2,0,0,16439,10607,4677
2012-09-03,0,0,0,16439,10607,4677
2012-09-04,2,0,0,16441,10607,4677
2012-09-05,0,0,0,16441,10607,4677
2012-09-06,1,0,0,16442,10607,4677
2012-09-07,1,0,0,16443,10607,4677
2012-09-08,1,0,0,16444,10607,4677
2012-09-09,0,0,0,16444,10607,4677
2012-09-10,2,0,0,16446,10607,4677
2012-09-11,0,0,0,16446,10607,4677
2012-09-12,3,1,1,16449,10608,4678
2012-09-13,1,0,0,16450,10608,4678
2012-09-14,0,0,0,16450,10608,4678
2012-09-15,2,0,0,16452,10608,4678
2012-09-16,0,0,0,16452,10608,4678
2012-09-17,5,0,0,16457,10608,4678
2012-09-18,0,0,0,16457,10608,4678
2012-09-19,1,0,0,16458,10608,4678
2012-09-20,2,0,0,16460,10608,4678
2012-09-21,0,0,0,16460,10608,4678
2012-09-22,0,0,0,16460,10608,4678
2012-09-23,0,0,0,16460,10608,4678
2012-09-24,1,0,0,16461,10608,4678
2012-09-25,0,0,0,16461,10608,4678
2012-09-26,1,0,0,16462,10608,4678
2012-09-27,0,0,0,16462,10608,4678
2012-09-28,2,0,0,16464,10608,4678
2012-09-29,2,0,0,16466,10608,4678
2012-09-30,1,0,0,16467,10608,4678
2012-10-01,5,0,0,16472,10608,4678
2012-10-02,3,1,1,16475,10609,4679
2012-10-03,3,1,1,16478,10610,4680
2012-10-04,2,0,0,16480,10610,4680
2012-10-05,1,0,0,16481,10610,4680
2012-10-06,1,0,0,16482,10610,4680
2012-10-07,1,0,0,16483,10610,4680
2012-10-08,1,0,0,16484,10610,4680
2012-10-09,2,0,0,16486,10610,4680
2012-10-10,2,0,0,16488,10610,4680
2012-10-11,0,0,0,16488,10610,4680
2012-10-12,1,0,0,16489,10610,4680
2012-10-13,0,0,0,16489,10610,4680
2012-10-14,0,0,0,16489,10610,4680
2012-10-15,1,0,0,16490,10610,4680
2012-10-16,1,0,0,16491,10610,4680
2012-10-17,0,0,0,16491,10610,4680
2012-10-18,0,0,0,16491,10610,4680
2012-10-19,1,0,0,16492,10610,4680
2012-10-20,1,0,0,16493,10610,4680
2012-10-21,0,0,0,16493,10610,4680
2012-10-22,2,0,0,16495,10610,4680
2012-10-23,3,1,1,16498,10611,4681
2012-10-24,1,0,0,16499,10611,4681
2012-10-25,0,0,0,16499,10611,4681
2012-10-26,1,0,0,16500,10611,4681
2012-10-27,0,0,0,16500,10611,4681
2012-10-28,0,0,0,16500,10611,4681
2012-10-29,0,0,0,16500,10611,4681
2012-10-30,3,0,0,16503,10611,4681
2012-10-31,1,0,0,16504,10611,4681
2012-11-01,0,0,0,16504,10611,4681
2012-11-02,1,0,0,16505,10611,4681
2012-11-03,1,0,0,16506,10611,4681
2012-11-04,1,0,0,16507,10611,4681
2012-11-05,0,0,0,16507,10611,4681
2012-11-06,4,0,0,16511,10611,4681
2012-11-07,2,0,0,16513,10611,4681
2012-11-08,3,0,0,16516,10611,4681
2012-11-09,3,0,0,16519,10611,4681
2012-11-10,0,0,0,16519,10611,4681
2012-11-11,1,0,0,16520,10611,4681
2012-11-12,2,0,0,16522,10611,4681
2012-11-13,0,0,0,16522,10611,4681
2012-11-14,2,0,0,16524,10611,4681
2012-11-15,0,0,0,16524,10611,4681
2012-11-16,3,0,0,16527,10611,4681
2012-11-17,1,0,0,16528,10611,4681
2012-11-18,2,0,0,16530,10611,4681
2012-11-19,5,0,0,16535,10611,4681
2012-11-20,5,0,0,16540,10611,4681
2012-11-21,2,1,1,16542,10612,4682
2012-11-22,3,0,0,16545,10612,4682
2012-11-23,3,0,0,16548,10612,4682
2012-11-24,2,0,0,16550,10612,4682
2012-11-25,1,0,0,16551,10612,4682
2012-11-26,3,0,0,16554,10612,4682
2012-11-27,4,1,1,16558,10613,4683
2012-11-28,1,0,0,16559,10613,4683
2012-11-29,1,0,0,16560,10613,4683
2012-11-30,2,0,0,16562,10613,4683
2012-12-01,3,1,1,16565,10614,4684
2012-12-02,3,0,0,16568,10614,4684
2012-12-03,5,2,2,16573,10616,4686
2012-12-04,2,0,0,16575,10616,4686
2012-12-05,5,0,0,16580,10616,4686
2012-12-06,6,1,1,16586,10617,4687
2012-12-07,2,0,0,16588,10617,4687
2012-12-08,2,0,0,16590,10617,4687
2012-12-09,7,0,0,16597,10617,4687
2012-12-10,4,0,0,16601,10617,4687
2012-12-11,5,0,0,16606,10617,4687
2012-12-12,3,0,0,16609,10617,4687
2012-12-13,2,0,0,16611,10617,4687
2012-12-14,7,1,0,16618,10618,4687
2012-12-15,1,0,0,16619,10618,4687
2012-12-16,4,1,1,16623,10619,4688
2012-12-17,3,1,1,16626,10620,4689
2012-12-18,6,0,0,16632,10620,4689
2012-12-19,6,0,0,16638,10620,4689
2012-12-20,7,4,2,16645,10624,4691
2012-12-21,1,0,0,16646,10624,4691
2012-12-22,1,0,0,16647,10624,4691
2012-12-23,1,0,0,16648,10624,4691
2012-12-24,2,0,0,16650,10624,4691
2012-12-25,4,1,1,16654,10625,4692
2012-12-26,2,1,1,16656,10626,4693
2012-12-27,3,1,1,16659,10627,4694
2012-12-28,1,1,1,16660,10628,4695
2012-12-29,4,1,0,16664,10629,4695
2012-12-30,5,0,0,16669,10629,4695
2012-12-31,3,0,0,16672,10629,4695
2013-01-01,9,1,0,16681,10630,4695
2013-01-02,9,0,0,16690,10630,4695
2013-01-03,9,0,0,16699,10630,4695
2013-01-04,5,0,0,16704,10630,4695
2013-01-05,7,2,1,16711,10632,4696
2013-01-06,6,3,2,16717,10635,4698
2013-01-07,8,1,0,16725,10636,4698
2013-01-08,8,2,1,16733,10638,4699
2013-01-09,7,1,0,16740,10639,4699
2013-01-10,8,1,1,16748,10640,4700
2013-01-11,9,4,4,16757,10644,4704
2013-01-12,4,1,0,16761,10645,4704
2013-01-13,5,2,2,16766,10647,4706
2013-01-14,8,4,4,16774,10651,4710
2013-01-15,7,1,1,16781,10652,4711
2013-01-16,7,3,3,16788,10655,4714
2013-01-17,8,2,2,16796,10657,4716
2013-01-18,5,0,0,16801,10657,4716
2013-01-19,7,0,0,16808,10657,4716
2013-01-20,11,1,1,16819,10658,4717
2013-01-21,9,2,2,16828,10660,4719
2013-01-22,11,3,3,16839,10663,4722
2013-01-23,11,3,2,16850,10666,4724
2013-01-24,10,5,4,16860,10671,4728
2013-01-25,12,2,2,16872,10673,4730
2013-01-26,10,4,4,16882,10677,4734
2013-01-27,13,4,4,16895,10681,4738
2013-01-28,14,3,3,16909,10684,4741
2013-01-29,10,4,4,16919,10688,4745
2013-01-30,7,1,1,16926,10689,4746
2013-01-31,12,1,1,16938,10690,4747
2013-02-01,8,1,1,16946,10691,4748
2013-02-02,9,2,2,16955,10693,4750
2013-02-03,16,3,3,16971,10696,4753
2013-02-04,23,9,8,16994,10705,4761
2013-02-05,13,4,4,17007,10709,4765
2013-02-06,26,10,10,17033,10719,4775
2013-02-07,15,4,4,17048,10723,4779
2013-02-08,9,3,3,17057,10726,4782
2013-02-09,15,8,8,17072,10734,4790
2013-02-10,20,10,10,17092,10744,4800
2013-02-11,8,3,2,17100,10747,4802
2013-02-12,12,6,5,17112,10753,4807
2013-02-13,18,7,7,17130,10760,4814
2013-02-14,15,5,5,17145,10765,4819
2013-02-15,17,6,6,17162,10771,4825
2013-02-16,16,6,6,17178,10777,4831
2013-02-17,17,4,4,17195,10781,4835
2013-02-18,21,5,5,17216,10786,4840
2013-02-19,16,2,1,17232,10788,4841
2013-02-20,19,6,6,17251,10794,4847
2013-02-21,23,7,7,17274,10801,4854
2013-02-22,20,5,5,17294,10806,4859
2013-02-23,22,7,7,17316,10813,4866
2013-02-24,25,12,12,17341,10825,4878
2013-02-25,25,8,8,17366,10833,4886
2013-02-26,21,7,7,17387,10840,4893
2013-02-27,44,13,13,17431,10853,4906
2013-02-28,21,10,10,17452,10863,4916
2013-03-01,37,16,15,17489,10879,4931
2013-03-02,29,8,8,17518,10887,4939
2013-03-03,40,9,9,17558,10896,4948
2013-03-04,34,7,6,17592,10903,4954
2013-03-05,39,10,10,17631,10913,4964
2013-03-06,33,11,11,17664,10924,4975
2013-03-07,40,19,17,17704,10943,4992
2013-03-08,40,16,15,17744,10959,5007
2013-03-09,53,20,20,17797,10979,5027
2013-03-10,53,21,16,17850,11000,5043
2013-03-11,71,23,22,17921,11023,5065
2013-03-12,55,10,9,17976,11033,5074
2013-03-13,67,22,20,18043,11055,5094
2013-03-14,60,14,12,18103,11069,5106
2013-03-15,90,27,24,18193,11096,5130
2013-03-16,56,17,11,18249,11113,5141
2013-03-17,63,26,16,18312,11139,5157
2013-03-18,82,38,20,18394,11177,5177
2013-03-19,71,44,23,18465,11221,5200
2013-03-20,68,56,18,18533,11277,5218
2013-03-21,78,69,22,18611,11346,5240
2013-03-22,50,44,11,18661,11390,5251
2013-03-23,58,46,14,18719,11436,5265
2013-03-24,76,61,12,18795,11497,5277
2013-03-25,87,71,21,18882,11568,5298
2013-03-26,57,48,16,18939,11616,5314
2013-03-27,43,32,8,18982,11648,5322
2013-03-28,55,42,11,19037,11690,5333
2013-03-29,43,32,14,19080,11722,5347
2013-03-30,55,47,16,19135,11769,5363
2013-03-31,43,34,16,19178,11803,5379
2013-04-01,64,50,18,19242,11853,5397
2013-04-02,70,56,17,19312,11909,5414
2013-04-03,63,51,22,19375,11960,5436
2013-04-04,54,44,15,19429,12004,5451
2013-04-05,73,56,20,19502,12060,5471
2013-04-06,67,56,20,19569,12116,5491
2013-04-07,64,54,19,19633,12170,5510
2013-04-08,82,62,16,19715,12232,5526
2013-04-09,70,57,17,19785,12289,5543
2013-04-10,67,51,19,19852,12340,5562
2013-04-11,65,46,21,19917,12386,5583
2013-04-12,54,46,26,19971,12432,5609
2013-04-13,51,43,25,20022,12475,5634
2013-04-14,58,43,21,20080,12518,5655
2013-04-15,73,63,41,20153,12581,5696
2013-04-16,61,48,21,20214,12629,5717
2013-04-17,61,46,26,20275,12675,5743
2013-04-18,54,44,20,20329,12719,5763
2013-04-19,44,32,19,20373,12751,5782
2013-04-20,40,31,15,20413,12782,5797
2013-04-21,50,42,22,20463,12824,5819
2013-04-22,51,34,14,20514,12858,5833
2013-04-23,52,32,9,20566,12890,5842
2013-04-24,32,20,8,20598,12910,5850
2013-04-25,28,12,5,20626,12922,5855
2013-04-26,38,16,11,20664,12938,5866
2013-04-27,30,8,8,20694,12946,5874
2013-04-28,33,11,11,20727,12957,5885
2013-04-29,26,11,11,20753,12968,5896
2013-04-30,21,7,7,20774,12975,5903
2013-05-01,29,13,13,20803,12988,5916
2013-05-02,21,11,11,20824,12999,5927
2013-05-03,26,4,4,20850,13003,5931
2013-05-04,21,8,8,20871,13011,5939
2013-05-05,19,9,9,20890,13020,5948
2013-05-06,22,7,7,20912,13027,5955
2013-05-07,21,7,6,20933,13034,5961
2013-05-08,20,8,8,20953,13042,5969
2013-05-09,23,8,8,20976,13050,5977
2013-05-10,14,7,7,20990,13057,5984
2013-05-11,17,5,5,21007,13062,5989
2013-05-12,16,4,4,21023,13066,5993
2013-05-13,15,6,6,21038,13072,5999
2013-05-14,18,4,4,21056,13076,6003
2013-05-15,9,2,2,21065,13078,6005
2013-05-16,4,2,2,21069,13080,6007
2013-05-17,14,5,5,21083,13085,6012
2013-05-18,15,5,5,21098,13090,6017
2013-05-19,10,3,3,21108,13093,6020
2013-05-20,16,1,1,21124,13094,6021
2013-05-21,10,0,0,21134,13094,6021
2013-05-22,6,1,1,21140,13095,6022
2013-05-23,10,3,3,21150,13098,6025
2013-05-24,14,5,5,21164,13103,6030
2013-05-25,11,2,2,21175,13105,6032
2013-05-26,8,0,0,21183,13105,6032
2013-05-27,10,2,2,21193,13107,6034
2013-05-28,16,3,3,21209,13110,6037
2013-05-29,6,2,2,21215,13112,6039
2013-05-30,8,2,2,21223,13114,6041
2013-05-31,5,3,3,21228,13117,6044
2013-06-01,3,0,0,21231,13117,6044
2013-06-02,6,0,0,21237,13117,6044
2013-06-03,9,2,2,21246,13119,6046
2013-06-04,7,4,4,21253,13123,6050
2013-06-05,8,3,3,21261,13126,6053
2013-06-06,13,2,2,21274,13128,6055
2013-06-07,11,4,4,21285,13132,6059
2013-06-08,4,2,2,21289,13134,6061
2013-06-09,4,0,0,21293,13134,6061
2013-06-10,6,2,2,21299,13136,6063
2013-06-11,4,0,0,21303,13136,6063
2013-06-12,4,2,2,21307,13138,6065
2013-06-13,1,0,0,21308,13138,6065
2013-06-14,5,0,0,21313,13138,6065
2013-06-15,2,1,1,21315,13139,6066
2013-06-16,5,1,1,21320,13140,6067
2013-06-17,5,0,0,21325,13140,6067
2013-06-18,3,1,1,21328,13141,6068
2013-06-19,6,2,2,21334,13143,6070
2013-06-20,1,0,0,21335,13143,6070
2013-06-21,0,0,0,21335,13143,6070
2013-06-22,1,1,0,21336,13144,6070
2013-06-23,3,0,0,21339,13144,6070
2013-06-24,4,0,0,21343,13144,6070
2013-06-25,1,0,0,21344,13144,6070
2013-06-26,2,0,0,21346,13144,6070
2013-06-27,1,0,0,21347,13144,6070
2013-06-28,3,0,0,21350,13144,6070
2013-06-29,0,0,0,21350,13144,6070
2013-06-30,3,0,0,21353,13144,6070
2013-07-01,5,1,1,21358,13145,6071
2013-07-02,3,0,0,21361,13145,6071
2013-07-03,2,0,0,21363,13145,6071
2013-07-04,3,0,0,21366,13145,6071
2013-07-05,1,1,1,21367,13146,6072
2013-07-06,3,2,2,21370,13148,6074
2013-07-07,2,0,0,21372,13148,6074
2013-07-08,4,0,0,21376,13148,6074
2013-07-09,2,0,0,21378,13148,6074
2013-07-10,3,0,0,21381,13148,6074
2013-07-11,2,0,0,21383,13148,6074
2013-07-12,3,0,0,21386,13148,6074
2013-07-13,1,0,0,21387,13148,6074
2013-07-14,2,1,1,21389,13149,6075
2013-07-15,1,0,0,21390,13149,6075
2013-07-16,0,0,0,21390,13149,6075
2013-07-17,0,0,0,21390,13149,6075
2013-07-18,0,0,0,21390,13149,6075
2013-07-19,1,0,0,21391,13149,6075
2013-07-20,1,0,0,21392,13149,6075
2013-07-21,1,0,0,21393,13149,6075
2013-07-22,0,0,0,21393,13149,6075
2013-07-23,0,0,0,21393,13149,6075
2013-07-24,1,1,1,21394,13150,6076
2013-07-25,0,0,0,21394,13150,6076
2013-07-26,0,0,0,21394,13150,6076
2013-07-27,1,0,0,21395,13150,6076
2013-07-28,1,1,1,21396,13151,6077
2013-07-29,2,0,0,21398,13151,6077
2013-07-30,1,1,1,21399,13152,6078
2013-07-31,1,0,0,21400,13152,6078
2013-08-01,2,0,0,21402,13152,6078
2013-08-02,0,0,0,21402,13152,6078
2013-08-03,3,0,0,21405,13152,6078
2013-08-04,3,0,0,21408,13152,6078
2013-08-05,1,1,1,21409,13153,6079
2013-08-06,1,0,0,21410,13153,6079
2013-08-07,0,0,0,21410,13153,6079
2013-08-08,0,0,0,21410,13153,6079
2013-08-09,2,0,0,21412,13153,6079
2013-08-10,1,1,1,21413,13154,6080
2013-08-11,0,0,0,21413,13154,6080
2013-08-12,4,0,0,21417,13154,6080
2013-08-13,0,0,0,21417,13154,6080
2013-08-14,1,1,1,21418,13155,6081
2013-08-15,0,0,0,21418,13155,6081
2013-08-16,0,0,0,21418,13155,6081
2013-08-17,3,0,0,21421,13155,6081
2013-08-18,4,0,0,21425,13155,6081
2013-08-19,1,0,0,21426,13155,6081
2013-08-20,1,0,0,21427,13155,6081
2013-08-21,0,0,0,21427,13155,6081
2013-08-22,1,0,0,21428,13155,6081
2013-08-23,1,0,0,21429,13155,6081
2013-08-24,1,0,0,21430,13155,6081
2013-08-25,0,0,0,21430,13155,6081
2013-08-26,1,0,0,21431,13155,6081
2013-08-27,2,0,0,21433,13155,6081
2013-08-28,3,2,2,21436,13157,6083
2013-08-29,1,0,0,21437,13157,6083
2013-08-30,1,1,1,21438,13158,6084
2013-08-31,0,0,0,21438,13158,6084
2013-09-01,2,0,0,21440,13158,6084
2013-09-02,8,1,1,21448,13159,6085
2013-09-03,6,2,1,21454,13161,6086
2013-09-04,2,0,0,21456,13161,6086
2013-09-05,4,0,0,21460,13161,6086
2013-09-06,1,0,0,21461,13161,6086
2013-09-07,0,0,0,21461,13161,6086
2013-09-08,10,0,0,21471,13161,6086
2013-09-09,10,0,0,21481,13161,6086
2013-09-10,7,0,0,21488,13161,6086
2013-09-11,3,0,0,21491,13161,6086
2013-09-12,2,1,0,21493,13162,6086
2013-09-13,3,0,0,21496,13162,6086
2013-09-14,3,0,0,21499,13162,6086
2013-09-15,0,0,0,21499,13162,6086
2013-09-16,2,0,0,21501,13162,6086
2013-09-17,0,0,0,21501,13162,6086
2013-09-18,1,0,0,21502,13162,6086
2013-09-19,0,0,0,21502,13162,6086
2013-09-20,3,0,0,21505,13162,6086
2013-09-21,1,0,0,21506,13162,6086
2013-09-22,1,0,0,21507,13162,6086
2013-09-23,2,0,0,21509,13162,6086
2013-09-24,3,0,0,21512,13162,6086
2013-09-25,1,0,0,21513,13162,6086
2013-09-26,1,0,0,21514,13162,6086
2013-09-27,2,0,0,21516,13162,6086
2013-09-28,2,0,0,21518,13162,6086
2013-09-29,2,1,1,21520,13163,6087
2013-09-30,2,0,0,21522,13163,6087
2013-10-01,3,0,0,21525,13163,6087
2013-10-02,2,0,0,21527,13163,6087
2013-10-03,3,1,1,21530,13164,6088
2013-10-04,1,0,0,21531,13164,6088
2013-10-05,5,0,0,21536,13164,6088
2013-10-06,5,0,0,21541,13164,6088
2013-10-07,8,1,0,21549,13165,6088
2013-10-08,2,0,0,21551,13165,6088
2013-10-09,3,0,0,21554,13165,6088
2013-10-10,0,0,0,21554,13165,6088
2013-10-11,4,0,0,21558,13165,6088
2013-10-12,2,0,0,21560,13165,6088
2013-10-13,7,0,0,21567,13165,6088
2013-10-14,8,0,0,21575,13165,6088
2013-10-15,0,0,0,21575,13165,6088
2013-10-16,0,0,0,21575,13165,6088
2013-10-17,6,0,0,21581,13165,6088
2013-10-18,5,1,0,21586,13166,6088
2013-10-19,6,0,0,21592,13166,6088
2013-10-20,8,0,0,21600,13166,6088
2013-10-21,10,0,0,21610,13166,6088
2013-10-22,6,0,0,21616,13166,6088
2013-10-23,4,1,0,21620,13167,6088
2013-10-24,3,1,1,21623,13168,6089
2013-10-25,12,1,1,21635,13169,6090
2013-10-26,6,0,0,21641,13169,6090
2013-10-27,7,1,1,21648,13170,6091
2013-10-28,5,0,0,21653,13170,6091
2013-10-29,10,1,0,21663,13171,6091
2013-10-30,6,1,1,21669,13172,6092
2013-10-31,5,0,0,21674,13172,6092
2013-11-01,9,0,0,21683,13172,6092
2013-11-02,11,0,0,21694,13172,6092
2013-11-03,11,0,0,21705,13172,6092
2013-11-04,12,0,0,21717,13172,6092
2013-11-05,12,1,0,21729,13173,6092
2013-11-06,11,0,0,21740,13173,6092
2013-11-07,7,0,0,21747,13173,6092
2013-11-08,5,0,0,21752,13173,6092
2013-11-09,6,0,0,21758,13173,6092
2013-11-10,7,1,0,21765,13174,6092
2013-11-11,9,0,0,21774,13174,6092
2013-11-12,11,0,0,21785,13174,6092
2013-11-13,8,0,0,21793,13174,6092
2013-11-14,7,0,0,21800,13174,6092
2013-11-15,1,0,0,21801,13174,6092
2013-11-16,12,0,0,21813,13174,6092
2013-11-17,6,0,0,21819,13174,6092
2013-11-18,4,0,0,21823,13174,6092
2013-11-19,8,0,0,21831,13174,6092
2013-11-20,4,1,1,21835,13175,6093
2013-11-21,8,0,0,21843,13175,6093
2013-11-22,10,0,0,21853,13175,6093
2013-11-23,6,0,0,21859,13175,6093
2013-11-24,2,0,0,21861,13175,6093
2013-11-25,12,0,0,21873,13175,6093
2013-11-26,2,0,0,21875,13175,6093
2013-11-27,4,0,0,21879,13175,6093
2013-11-28,2,0,0,21881,13175,6093
2013-11-29,2,0,0,21883,13175,6093
2013-11-30,3,0,0,21886,13175,6093
2013-12-01,5,0,0,21891,13175,6093
2013-12-02,9,0,0,21900,13175,6093
2013-12-03,10,2,0,21910,13177,6093
2013-12-04,2,0,0,21912,13177,6093
2013-12-05,3,0,0,21915,13177,6093
2013-12-06,7,0,0,21922,13177,6093
2013-12-07,2,0,0,21924,13177,6093
2013-12-08,2,0,0,21926,13177,6093
2013-12-09,8,0,0,21934,13177,6093
2013-12-10,5,0,0,21939,13177,6093
2013-12-11,6,1,1,21945,13178,6094
2013-12-12,4,1,1,21949,13179,6095
2013-12-13,7,0,0,21956,13179,6095
2013-12-14,4,1,1,21960,13180,6096
2013-12-15,6,0,0,21966,13180,6096
2013-12-16,7,0,0,21973,13180,6096
2013-12-17,5,0,0,21978,13180,6096
2013-12-18,2,1,1,21980,13181,6097
2013-12-19,2,0,0,21982,13181,6097
2013-12-20,5,0,0,21987,13181,6097
2013-12-21,3,1,0,21990,13182,6097
2013-12-22,2,0,0,21992,13182,6097
2013-12-23,7,1,1,21999,13183,6098
2013-12-24,3,0,0,22002,13183,6098
2013-12-25,4,0,0,22006,13183,6098
2013-12-26,4,2,0,22010,13185,6098
2013-12-27,4,0,0,22014,13185,6098
2013-12-28,3,0,0,22017,13185,6098
2013-12-29,5,1,1,22022,13186,6099
2013-12-30,3,1,0,22025,13187,6099
2013-12-31,2,1,0,22027,13188,6099
2014-01-01,3,2,0,22030,13190,6099
2014-01-02,1,1,0,22031,13191,6099
2014-01-03,3,2,0,22034,13193,6099
2014-01-04,5,3,0,22039,13196,6099
2014-01-05,3,1,0,22042,13197,6099
2014-01-06,2,1,0,22044,13198,6099
2014-01-07,3,0,0,22047,13198,6099
2014-01-08,5,5,1,22052,13203,6100
2014-01-09,1,1,0,22053,13204,6100
2014-01-10,3,1,0,22056,13205,6100
2014-01-11,2,1,1,22058,13206,6101
2014-01-12,2,2,1,22060,13208,6102
2014-01-13,4,3,0,22064,13211,6102
2014-01-14,4,1,0,22068,13212,6102
2014-01-15,1,1,0,22069,13213,6102
2014-01-16,7,2,1,22076,13215,6103
2014-01-17,5,3,0,22081,13218,6103
2014-01-18,2,2,0,22083,13220,6103
2014-01-19,4,3,0,22087,13223,6103
2014-01-20,8,1,0,22095,13224,6103
2014-01-21,6,4,0,22101,13228,6103
2014-01-22,1,1,0,22102,13229,6103
2014-01-23,1,0,0,22103,13229,6103
2014-01-24,6,2,0,22109,13231,6103
2014-01-25,4,3,0,22113,13234,6103
2014-01-26,6,4,1,22119,13238,6104
2014-01-27,7,3,0,22126,13241,6104
2014-01-28,4,0,0,22130,13241,6104
2014-01-29,4,3,0,22134,13244,6104
2014-01-30,4,4,2,22138,13248,6106
2014-01-31,2,0,0,22140,13248,6106
2014-02-01,2,1,0,22142,13249,6106
2014-02-02,6,1,0,22148,13250,6106
2014-02-03,2,1,0,22150,13251,6106
2014-02-04,4,2,0,22154,13253,6106
2014-02-05,3,2,0,22157,13255,6106
2014-02-06,2,2,0,22159,13257,6106
2014-02-07,1,0,0,22160,13257,6106
2014-02-08,2,1,0,22162,13258,6106
2014-02-09,3,1,0,22165,13259,6106
2014-02-10,4,0,0,22169,13259,6106
2014-02-11,1,1,0,22170,13260,6106
2014-02-12,2,0,0,22172,13260,6106
2014-02-13,2,2,1,22174,13262,6107
2014-02-14,3,1,0,22177,13263,6107
2014-02-15,4,2,0,22181,13265,6107
2014-02-16,2,1,0,22183,13266,6107
2014-02-17,1,0,0,22184,13266,6107
2014-02-18,3,2,1,22187,13268,6108
2014-02-19,2,1,0,22189,13269,6108
2014-02-20,1,1,0,22190,13270,6108
2014-02-21,2,1,0,22192,13271,6108
2014-02-22,0,0,0,22192,13271,6108
2014-02-23,3,1,0,22195,13272,6108
2014-02-24,1,0,0,22196,13272,6108
2014-02-25,4,3,1,22200,13275,6109
2014-02-26,2,1,0,22202,13276,6109
2014-02-27,1,0,0,22203,13276,6109
2014-02-28,3,2,1,22206,13278,6110
2014-03-01,1,1,0,22207,13279,6110
2014-03-02,3,3,0,22210,13282,6110
2014-03-03,5,2,0,22215,13284,6110
2014-03-04,1,1,0,22216,13285,6110
2014-03-05,0,0,0,22216,13285,6110
2014-03-06,2,2,0,22218,13287,6110
2014-03-07,1,1,0,22219,13288,6110
2014-03-08,4,0,0,22223,13288,6110
2014-03-09,2,1,0,22225,13289,6110
2014-03-10,4,2,0,22229,13291,6110
2014-03-11,2,1,0,22231,13292,6110
2014-03-12,2,1,0,22233,13293,6110
2014-03-13,3,0,0,22236,13293,6110
2014-03-14,0,0,0,22236,13293,6110
2014-03-15,3,0,0,22239,13293,6110
2014-03-16,2,2,0,22241,13295,6110
2014-03-17,1,0,0,22242,13295,6110
2014-03-18,3,1,0,22245,13296,6110
2014-03-19,1,0,0,22246,13296,6110
2014-03-20,1,0,0,22247,13296,6110
2014-03-21,3,0,0,22250,13296,6110
2014-03-22,3,0,0,22253,13296,6110
2014-03-23,2,2,0,22255,13298,6110
2014-03-24,0,0,0,22255,13298,6110
2014-03-25,2,2,1,22257,13300,6111
2014-03-26,5,2,0,22262,13302,6111
2014-03-27,2,1,1,22264,13303,6112
2014-03-28,4,1,1,22268,13304,6113
2014-03-29,1,1,0,22269,13305,6113
2014-03-30,1,0,0,22270,13305,6113
2014-03-31,5,5,0,22275,13310,6113
2014-04-01,4,2,0,22279,13312,6113
2014-04-02,3,2,1,22282,13314,6114
2014-04-03,4,1,0,22286,13315,6114
2014-04-04,2,1,0,22288,13316,6114
2014-04-05,3,1,0,22291,13317,6114
2014-04-06,1,0,0,22292,13317,6114
2014-04-07,2,1,0,22294,13318,6114
2014-04-08,1,1,1,22295,13319,6115
2014-04-09,3,2,0,22298,13321,6115
2014-04-10,0,0,0,22298,13321,6115
2014-04-11,0,0,0,22298,13321,6115
2014-04-12,1,1,0,22299,13322,6115
2014-04-13,1,1,1,22300,13323,6116
2014-04-14,5,2,1,22305,13325,6117
2014-04-15,3,1,1,22308,13326,6118
2014-04-16,2,2,0,22310,13328,6118
2014-04-17,4,3,2,22314,13331,6120
2014-04-18,5,3,1,22319,13334,6121
2014-04-19,3,1,0,22322,13335,6121
2014-04-20,2,0,0,22324,13335,6121
2014-04-21,6,4,1,22330,13339,6122
2014-04-22,8,7,2,22338,13346,6124
2014-04-23,1,0,0,22339,13346,6124
2014-04-24,5,3,1,22344,13349,6125
2014-04-25,3,1,0,22347,13350,6125
2014-04-26,4,3,2,22351,13353,6127
2014-04-27,2,0,0,22353,13353,6127
2014-04-28,4,2,0,22357,13355,6127
2014-04-29,4,2,1,22361,13357,6128
2014-04-30,3,1,0,22364,13358,6128
2014-05-01,0,0,0,22364,13358,6128
2014-05-02,5,3,1,22369,13361,6129
2014-05-03,3,0,0,22372,13361,6129
2014-05-04,6,4,1,22378,13365,6130
2014-05-05,4,3,1,22382,13368,6131
2014-05-06,6,4,0,22388,13372,6131
2014-05-07,1,1,1,22389,13373,6132
2014-05-08,1,1,0,22390,13374,6132
2014-05-09,5,4,1,22395,13378,6133
2014-05-10,4,1,0,22399,13379,6133
2014-05-11,3,3,2,22402,13382,6135
2014-05-12,2,2,0,22404,13384,6135
2014-05-13,5,2,0,22409,13386,6135
2014-05-14,7,5,2,22416,13391,6137
2014-05-15,8,1,0,22424,13392,6137
2014-05-16,4,1,0,22428,13393,6137
2014-05-17,3,2,0,22431,13395,6137
2014-05-18,4,3,0,22435,13398,6137
2014-05-19,8,2,0,22443,13400,6137
2014-05-20,6,3,0,22449,13403,6137
2014-05-21,6,4,2,22455,13407,6139
2014-05-22,3,3,0,22458,13410,6139
2014-05-23,0,0,0,22458,13410,6139
2014-05-24,1,0,0,22459,13410,6139
2014-05-25,2,0,0,22461,13410,6139
2014-05-26,2,0,0,22463,13410,6139
2014-05-27,4,3,1,22467,13413,6140
2014-05-28,1,1,0,22468,13414,6140
2014-05-29,0,0,0,22468,13414,6140
2014-05-30,0,0,0,22468,13414,6140
2014-05-31,1,1,0,22469,13415,6140
2014-06-01,3,1,0,22472,13416,6140
2014-06-02,0,0,0,22472,13416,6140
2014-06-03,1,1,0,22473,13417,6140
2014-06-04,1,1,1,22474,13418,6141
2014-06-05,2,2,1,22476,13420,6142
2014-06-06,2,0,0,22478,13420,6142
2014-06-07,1,0,0,22479,13420,6142
2014-06-08,0,0,0,22479,13420,6142
2014-06-09,5,1,0,22484,13421,6142
2014-06-10,1,0,0,22485,13421,6142
2014-06-11,2,0,0,22487,13421,6142
2014-06-12,2,2,0,22489,13423,6142
2014-06-13,5,3,0,22494,13426,6142
2014-06-14,1,0,0,22495,13426,6142
2014-06-15,2,1,0,22497,13427,6142
2014-06-16,3,0,0,22500,13427,6142
2014-06-17,0,0,0,22500,13427,6142
2014-06-18,2,0,0,22502,13427,6142
2014-06-19,1,0,0,22503,13427,6142
2014-06-20,1,0,0,22504,13427,6142
2014-06-21,0,0,0,22504,13427,6142
2014-06-22,0,0,0,22504,13427,6142
2014-06-23,0,0,0,22504,13427,6142
2014-06-24,0,0,0,22504,13427,6142
2014-06-25,1,0,0,22505,13427,6142
2014-06-26,2,0,0,22507,13427,6142
2014-06-27,3,1,0,22510,13428,6142
2014-06-28,1,1,0,22511,13429,6142
2014-06-29,0,0,0,22511,13429,6142
2014-06-30,1,1,0,22512,13430,6142
2014-07-01,2,1,0,22514,13431,6142
2014-07-02,1,1,0,22515,13432,6142
2014-07-03,0,0,0,22515,13432,6142
2014-07-04,0,0,0,22515,13432,6142
2014-07-05,1,1,0,22516,13433,6142
2014-07-06,2,1,0,22518,13434,6142
2014-07-07,3,1,0,22521,13435,6142
2014-07-08,2,0,0,22523,13435,6142
2014-07-09,3,2,0,22526,13437,6142
2014-07-10,2,2,0,22528,13439,6142
2014-07-11,1,0,0,22529,13439,6142
2014-07-12,0,0,0,22529,13439,6142
2014-07-13,1,0,0,22530,13439,6142
2014-07-14,0,0,0,22530,13439,6142
2014-07-15,0,0,0,22530,13439,6142
2014-07-16,0,0,0,22530,13439,6142
2014-07-17,0,0,0,22530,13439,6142
2014-07-18,0,0,0,22530,13439,6142
2014-07-19,1,1,0,22531,13440,6142
2014-07-20,2,0,0,22533,13440,6142
2014-07-21,2,0,0,22535,13440,6142
2014-07-22,1,0,0,22536,13440,6142
2014-07-23,1,0,0,22537,13440,6142
2014-07-24,1,0,0,22538,13440,6142
2014-07-25,0,0,0,22538,13440,6142
2014-07-26,1,0,0,22539,13440,6142
2014-07-27,3,1,0,22542,13441,6142
2014-07-28,0,0,0,22542,13441,6142
2014-07-29,0,0,0,22542,13441,6142
2014-07-30,2,1,0,22544,13442,6142
2014-07-31,1,0,0,22545,13442,6142
2014-08-01,1,0,0,22546,13442,6142
2014-08-02,0,0,0,22546,13442,6142
2014-08-03,0,0,0,22546,13442,6142
2014-08-04,2,0,0,22548,13442,6142
2014-08-05,3,1,0,22551,13443,6142
2014-08-06,3,2,0,22554,13445,6142
2014-08-07,0,0,0,22554,13445,6142
2014-08-08,1,1,0,22555,13446,6142
2014-08-09,1,0,0,22556,13446,6142
2014-08-10,2,2,0,22558,13448,6142
2014-08-11,0,0,0,22558,13448,6142
2014-08-12,1,1,0,22559,13449,6142
2014-08-13,0,0,0,22559,13449,6142
2014-08-14,2,1,0,22561,13450,6142
2014-08-15,1,1,0,22562,13451,6142
2014-08-16,2,1,0,22564,13452,6142
2014-08-17,0,0,0,22564,13452,6142
2014-08-18,2,1,0,22566,13453,6142
2014-08-19,0,0,0,22566,13453,6142
2014-08-20,0,0,0,22566,13453,6142
2014-08-21,1,1,0,22567,13454,6142
2014-08-22,2,2,0,22569,13456,6142
2014-08-23,1,1,0,22570,13457,6142
2014-08-24,3,2,0,22573,13459,6142
2014-08-25,1,1,0,22574,13460,6142
2014-08-26,0,0,0,22574,13460,6142
2014-08-27,0,0,0,22574,13460,6142
2014-08-28,1,1,0,22575,13461,6142
2014-08-29,1,0,0,22576,13461,6142
2014-08-30,1,1,0,22577,13462,6142
2014-08-31,2,2,1,22579,13464,6143
2014-09-01,1,1,0,22580,13465,6143
2014-09-02,4,3,0,22584,13468,6143
2014-09-03,4,3,0,22588,13471,6143
2014-09-04,2,2,0,22590,13473,6143
2014-09-05,2,2,0,22592,13475,6143
2014-09-06,1,0,0,22593,13475,6143
2014-09-07,1,1,0,22594,13476,6143
2014-09-08,4,3,0,22598,13479,6143
2014-09-09,0,0,0,22598,13479,6143
2014-09-10,0,0,0,22598,13479,6143
2014-09-11,1,0,0,22599,13479,6143
2014-09-12,0,0,0,22599,13479,6143
2014-09-13,0,0,0,22599,13479,6143
2014-09-14,0,0,0,22599,13479,6143
2014-09-15,0,0,0,22599,13479,6143
2014-09-16,1,0,0,22600,13479,6143
2014-09-17,0,0,0,22600,13479,6143
2014-09-18,2,0,0,22602,13479,6143
2014-09-19,2,2,0,22604,13481,6143
2014-09-20,2,1,0,22606,13482,6143
2014-09-21,0,0,0,22606,13482,6143
2014-09-22,1,1,0,22607,13483,6143
2014-09-23,1,1,0,22608,13484,6143
2014-09-24,0,0,0,22608,13484,6143
2014-09-25,0,0,0,22608,13484,6143
2014-09-26,1,0,0,22609,13484,6143
2014-09-27,1,1,0,22610,13485,6143
2014-09-28,3,2,0,22613,13487,6143
2014-09-29,1,1,0,22614,13488,6143
2014-09-30,1,0,0,22615,13488,6143
2014-10-01,1,1,0,22616,13489,6143
2014-10-02,2,1,0,22618,13490,6143
2014-10-03,1,0,0,22619,13490,6143
2014-10-04,3,3,0,22622,13493,6143
2014-10-05,2,2,0,22624,13495,6143
2014-10-06,6,4,0,22630,13499,6143
2014-10-07,1,1,0,22631,13500,6143
2014-10-08,0,0,0,22631,13500,6143
2014-10-09,0,0,0,22631,13500,6143
2014-10-10,1,0,0,22632,13500,6143
2014-10-11,1,0,0,22633,13500,6143
2014-10-12,3,0,0,22636,13500,6143
2014-10-13,1,0,0,22637,13500,6143
2014-10-14,3,1,0,22640,13501,6143
2014-10-15,1,1,0,22641,13502,6143
2014-10-16,1,0,0,22642,13502,6143
2014-10-17,2,2,0,22644,13504,6143
2014-10-18,1,1,0,22645,13505,6143
2014-10-19,2,1,0,22647,13506,6143
2014-10-20,2,2,1,22649,13508,6144
2014-10-21,0,0,0,22649,13508,6144
2014-10-22,2,2,0,22651,13510,6144
2014-10-23,1,0,0,22652,13510,6144
2014-10-24,1,0,0,22653,13510,6144
2014-10-25,2,0,0,22655,13510,6144
2014-10-26,0,0,0,22655,13510,6144
2014-10-27,1,0,0,22656,13510,6144
2014-10-28,0,0,0,22656,13510,6144
2014-10-29,0,0,0,22656,13510,6144
2014-10-30,0,0,0,22656,13510,6144
2014-10-31,0,0,0,22656,13510,6144
2014-11-01,1,0,0,22657,13510,6144
2014-11-02,0,0,0,22657,13510,6144
2014-11-03,1,0,0,22658,13510,6144
2014-11-04,0,0,0,22658,13510,6144
2014-11-05,0,0,0,22658,13510,6144
2014-11-06,0,0,0,22658,13510,6144
2014-11-07,0,0,0,22658,13510,6144
2014-11-08,0,0,0,22658,13510,6144
2014-11-09,1,0,0,22659,13510,6144
2014-11-10,0,0,0,22659,13510,6144
2014-11-11,0,0,0,22659,13510,6144
2014-11-12,0,0,0,22659,13510,6144
2014-11-13,0,0,0,22659,13510,6144
2014-11-14,0,0,0,22659,13510,6144
2014-11-15,0,0,0,22659,13510,6144
2014-11-16,0,0,0,22659,13510,6144
2014-11-17,0,0,0,22659,13510,6144
2014-11-18,0,0,0,22659,13510,6144
2014-11-19,0,0,0,22659,13510,6144
2014-11-20,0,0,0,22659,13510,6144
2014-11-21,0,0,0,22659,13510,6144
2014-11-22,1,0,0,22660,13510,6144
2014-11-23,0,0,0,22660,13510,6144
2014-11-24,0,0,0,22660,13510,6144
2014-11-25,0,0,0,22660,13510,6144
2014-11-26,0,0,0,22660,13510,6144
2014-11-27,0,0,0,22660,13510,6144
2014-11-28,0,0,0,22660,13510,6144
2014-11-29,0,0,0,22660,13510,6144
2014-11-30,0,0,0,22660,13510,6144
2014-12-01,0,0,0,22660,13510,6144
2014-12-02,0,0,0,22660,13510,6144
2014-12-03,0,0,0,22660,13510,6144
2014-12-04,0,0,0,22660,13510,6144
2014-12-05,0,0,0,22660,13510,6144
2014-12-06,0,0,0,22660,13510,6144
2014-12-07,0,0,0,22660,13510,6144
2014-12-08,0,0,0,22660,13510,6144
2014-12-09,0,0,0,22660,13510,6144
2014-12-10,0,0,0,22660,13510,6144
2014-12-11,0,0,0,22660,13510,6144
2014-12-12,0,0,0,22660,13510,6144
2014-12-13,0,0,0,22660,13510,6144
2014-12-14,0,0,0,22660,13510,6144
2014-12-15,0,0,0,22660,13510,6144
2014-12-16,0,0,0,22660,13510,6144
2014-12-17,0,0,0,22660,13510,6144
2014-12-18,0,0,0,22660,13510,6144
2014-12-19,0,0,0,22660,13510,6144
2014-12-20,0,0,0,22660,13510,6144
2014-12-21,0,0,0,22660,13510,6144
2014-12-22,0,0,0,22660,13510,6144
2014-12-23,0,0,0,22660,13510,6144
2014-12-24,0,0,0,22660,13510,6144
2014-12-25,0,0,0,22660,13510,6144
2014-12-26,2,0,0,22662,13510,6144
2014-12-27,0,0,0,22662,13510,6144
2014-12-28,0,0,0,22662,13510,6144
2014-12-29,1,0,0,22663,13510,6144
2014-12-30,0,0,0,22663,13510,6144
2014-12-31,1,0,0,22664,13510,6144
2015-01-01,4,1,0,22668,13511,6144
2015-01-02,5,0,0,22673,13511,6144
2015-01-03,2,0,0,22675,13511,6144
2015-01-04,5,1,1,22680,13512,6145
2015-01-05,5,0,0,22685,13512,6145
2015-01-06,2,0,0,22687,13512,6145
2015-01-07,2,0,0,22689,13512,6145
2015-01-08,1,0,0,22690,13512,6145
2015-01-09,1,0,0,22691,13512,6145
2015-01-10,2,1,1,22693,13513,6146
2015-01-11,0,0,0,22693,13513,6146
2015-01-12,1,0,0,22694,13513,6146
2015-01-13,5,0,0,22699,13513,6146
2015-01-14,4,1,1,22703,13514,6147
2015-01-15,0,0,0,22703,13514,6147
2015-01-16,3,0,0,22706,13514,6147
2015-01-17,1,0,0,22707,13514,6147
2015-01-18,2,0,0,22709,13514,6147
2015-01-19,4,1,1,22713,13515,6148
2015-01-20,4,0,0,22717,13515,6148
2015-01-21,6,0,0,22723,13515,6148
2015-01-22,0,0,0,22723,13515,6148
2015-01-23,7,1,1,22730,13516,6149
2015-01-24,4,1,1,22734,13517,6150
2015-01-25,8,1,1,22742,13518,6151
2015-01-26,6,3,2,22748,13521,6153
2015-01-27,4,2,2,22752,13523,6155
2015-01-28,3,2,2,22755,13525,6157
2015-01-29,5,1,1,22760,13526,6158
2015-01-30,4,1,1,22764,13527,6159
2015-01-31,1,1,1,22765,13528,6160
2015-02-01,5,0,0,22770,13528,6160
2015-02-02,4,0,0,22774,13528,6160
2015-02-03,1,0,0,22775,13528,6160
2015-02-04,5,0,0,22780,13528,6160
2015-02-05,0,0,0,22780,13528,6160
2015-02-06,5,2,2,22785,13530,6162
2015-02-07,5,0,0,22790,13530,6162
2015-02-08,5,3,3,22795,13533,6165
2015-02-09,6,4,4,22801,13537,6169
2015-02-10,9,4,4,22810,13541,6173
2015-02-11,6,1,0,22816,13542,6173
2015-02-12,9,2,2,22825,13544,6175
2015-02-13,7,4,4,22832,13548,6179
2015-02-14,5,2,2,22837,13550,6181
2015-02-15,4,3,2,22841,13553,6183
2015-02-16,9,1,1,22850,13554,6184
2015-02-17,4,1,0,22854,13555,6184
2015-02-18,6,2,2,22860,13557,6186
2015-02-19,7,2,2,22867,13559,6188
2015-02-20,12,4,4,22879,13563,6192
2015-02-21,11,3,3,22890,13566,6195
2015-02-22,9,3,3,22899,13569,6198
2015-02-23,13,7,5,22912,13576,6203
2015-02-24,9,4,4,22921,13580,6207
2015-02-25,7,5,3,22928,13585,6210
2015-02-26,17,9,7,22945,13594,6217
2015-02-27,17,8,8,22962,13602,6225
2015-02-28,18,12,12,22980,13614,6237
2015-03-01,16,9,7,22996,13623,6244
2015-03-02,17,7,4,23013,13630,6248
2015-03-03,8,3,2,23021,13633,6250
2015-03-04,11,6,6,23032,13639,6256
2015-03-05,20,10,6,23052,13649,6262
2015-03-06,15,8,7,23067,13657,6269
2015-03-07,11,4,4,23078,13661,6273
2015-03-08,14,7,4,23092,13668,6277
2015-03-09,12,7,5,23104,13675,6282
2015-03-10,21,13,9,23125,13688,6291
2015-03-11,21,12,7,23146,13700,6298
2015-03-12,25,12,9,23171,13712,6307
2015-03-13,29,17,15,23200,13729,6322
2015-03-14,29,16,13,23229,13745,6335
2015-03-15,30,16,10,23259,13761,6345
2015-03-16,28,8,4,23287,13769,6349
2015-03-17,41,16,12,23328,13785,6361
2015-03-18,38,18,14,23366,13803,6375
2015-03-19,32,21,13,23398,13824,6388
2015-03-20,31,16,11,23429,13840,6399
2015-03-21,28,12,11,23457,13852,6410
2015-03-22,34,12,5,23491,13864,6415
2015-03-23,57,24,16,23548,13888,6431
2015-03-24,30,9,3,23578,13897,6434
2015-03-25,30,12,11,23608,13909,6445
2015-03-26,44,25,16,23652,13934,6461
2015-03-27,43,24,12,23695,13958,6473
2015-03-28,45,21,14,23740,13979,6487
2015-03-29,52,31,20,23792,14010,6507
2015-03-30,72,34,20,23864,14044,6527
2015-03-31,47,19,16,23911,14063,6543
2015-04-01,54,23,18,23965,14086,6561
2015-04-02,54,27,13,24019,14113,6574
2015-04-03,63,26,17,24082,14139,6591
2015-04-04,49,24,17,24131,14163,6608
2015-04-05,56,34,22,24187,14197,6630
2015-04-06,77,35,24,24264,14232,6654
2015-04-07,81,42,21,24345,14274,6675
2015-04-08,64,31,26,24409,14305,6701
2015-04-09,61,22,9,24470,14327,6710
2015-04-10,73,32,20,24543,14359,6730
2015-04-11,57,28,19,24600,14387,6749
2015-04-12,55,20,8,24655,14407,6757
2015-04-13,73,38,18,24728,14445,6775
2015-04-14,57,17,11,24785,14462,6786
2015-04-15,56,28,17,24841,14490,6803
2015-04-16,45,17,12,24886,14507,6815
2015-04-17,55,27,20,24941,14534,6835
2015-04-18,39,16,7,24980,14550,6842
2015-04-19,70,36,23,25050,14586,6865
2015-04-20,42,21,16,25092,14607,6881
2015-04-21,54,19,11,25146,14626,6892
2015-04-22,56,27,17,25202,14653,6909
2015-04-23,52,28,19,25254,14681,6928
2015-04-24,66,27,17,25320,14708,6945
2015-04-25,73,40,32,25393,14748,6977
2015-04-26,74,36,25,25467,14784,7002
2015-04-27,69,42,25,25536,14826,7027
2015-04-28,83,37,25,25619,14863,7052
2015-04-29,59,29,15,25678,14892,7067
2015-04-30,68,34,26,25746,14926,7093
2015-05-01,65,32,22,25811,14958,7115
2015-05-02,51,28,21,25862,14986,7136
2015-05-03,54,32,21,25916,15018,7157
2015-05-04,78,46,33,25994,15064,7190
2015-05-05,50,30,20,26044,15094,7210
2015-05-06,70,35,25,26114,15129,7235
2015-05-07,51,28,15,26165,15157,7250
2015-05-08,37,20,17,26202,15177,7267
2015-05-09,42,23,13,26244,15200,7280
2015-05-10,28,15,11,26272,15215,7291
2015-05-11,39,19,15,26311,15234,7306
2015-05-12,34,19,13,26345,15253,7319
2015-05-13,35,14,10,26380,15267,7329
2015-05-14,39,16,13,26419,15283,7342
2015-05-15,39,17,11,26458,15300,7353
2015-05-16,33,16,9,26491,15316,7362
2015-05-17,38,14,6,26529,15330,7368
2015-05-18,39,14,6,26568,15344,7374
2015-05-19,40,16,10,26608,15360,7384
2015-05-20,39,13,8,26647,15373,7392
2015-05-21,22,8,5,26669,15381,7397
2015-05-22,28,12,8,26697,15393,7405
2015-05-23,26,15,10,26723,15408,7415
2015-05-24,28,9,4,26751,15417,7419
2015-05-25,47,22,13,26798,15439,7432
2015-05-26,37,15,10,26835,15454,7442
2015-05-27,31,16,12,26866,15470,7454
2015-05-28,23,7,2,26889,15477,7456
2015-05-29,19,6,3,26908,15483,7459
2015-05-30,20,7,5,26928,15490,7464
2015-05-31,33,14,7,26961,15504,7471
2015-06-01,24,10,5,26985,15514,7476
2015-06-02,30,14,9,27015,15528,7485
2015-06-03,22,8,5,27037,15536,7490
2015-06-04,16,5,2,27053,15541,7492
2015-06-05,16,8,6,27069,15549,7498
2015-06-06,28,9,5,27097,15558,7503
2015-06-07,14,2,1,27111,15560,7504
2015-06-08,22,13,9,27133,15573,7513
2015-06-09,19,11,6,27152,15584,7519
2015-06-10,24,7,4,27176,15591,7523
2015-06-11,24,7,3,27200,15598,7526
2015-06-12,16,8,7,27216,15606,7533
2015-06-13,13,4,2,27229,15610,7535
2015-06-14,12,6,6,27241,15616,7541
2015-06-15,17,9,4,27258,15625,7545
2015-06-16,10,5,2,27268,15630,7547
2015-06-17,13,2,0,27281,15632,7547
2015-06-18,8,5,3,27289,15637,7550
2015-06-19,12,3,1,27301,15640,7551
2015-06-20,16,8,5,27317,15648,7556
2015-06-21,13,6,2,27330,15654,7558
2015-06-22,10,0,0,27340,15654,7558
2015-06-23,10,6,1,27350,15660,7559
2015-06-24,3,1,1,27353,15661,7560
2015-06-25,8,1,1,27361,15662,7561
2015-06-26,6,1,1,27367,15663,7562
2015-06-27,9,4,0,27376,15667,7562
2015-06-28,8,0,0,27384,15667,7562
2015-06-29,5,2,2,27389,15669,7564
2015-06-30,6,1,1,27395,15670,7565
2015-07-01,10,6,3,27405,15676,7568
2015-07-02,2,1,0,27407,15677,7568
2015-07-03,3,2,1,27410,15679,7569
2015-07-04,5,1,1,27415,15680,7570
2015-07-05,7,3,3,27422,15683,7573
2015-07-06,3,1,1,27425,15684,7574
2015-07-07,7,2,1,27432,15686,7575
2015-07-08,4,0,0,27436,15686,7575
2015-07-09,3,0,0,27439,15686,7575
2015-07-10,10,1,1,27449,15687,7576
2015-07-11,2,0,0,27451,15687,7576
2015-07-12,7,1,1,27458,15688,7577
2015-07-13,8,1,0,27466,15689,7577
2015-07-14,7,0,0,27473,15689,7577
2015-07-15,2,0,0,27475,15689,7577
2015-07-16,2,0,0,27477,15689,7577
2015-07-17,5,1,1,27482,15690,7578
2015-07-18,1,0,0,27483,15690,7578
2015-07-19,8,4,1,27491,15694,7579
2015-07-20,4,2,1,27495,15696,7580
2015-07-21,4,2,2,27499,15698,7582
2015-07-22,6,3,2,27505,15701,7584
2015-07-23,0,0,0,27505,15701,7584
2015-07-24,4,3,2,27509,15704,7586
2015-07-25,1,0,0,27510,15704,7586
2015-07-26,13,4,2,27523,15708,7588
2015-07-27,3,0,0,27526,15708,7588
2015-07-28,6,1,0,27532,15709,7588
2015-07-29,4,0,0,27536,15709,7588
2015-07-30,11,1,1,27547,15710,7589
2015-07-31,4,1,1,27551,15711,7590
2015-08-01,4,0,0,27555,15711,7590
2015-08-02,7,0,0,27562,15711,7590
2015-08-03,9,2,2,27571,15713,7592
2015-08-04,5,2,2,27576,15715,7594
2015-08-05,5,1,1,27581,15716,7595
2015-08-06,1,1,1,27582,15717,7596
2015-08-07,8,2,2,27590,15719,7598
2015-08-08,4,1,1,27594,15720,7599
2015-08-09,8,2,2,27602,15722,7601
2015-08-10,4,0,0,27606,15722,7601
2015-08-11,5,1,1,27611,15723,7602
2015-08-12,2,0,0,27613,15723,7602
2015-08-13,3,2,2,27616,15725,7604
2015-08-14,3,0,0,27619,15725,7604
2015-08-15,4,0,0,27623,15725,7604
2015-08-16,6,0,0,27629,15725,7604
2015-08-17,3,1,0,27632,15726,7604
2015-08-18,6,0,0,27638,15726,7604
2015-08-19,6,1,1,27644,15727,7605
2015-08-20,2,0,0,27646,15727,7605
2015-08-21,5,1,1,27651,15728,7606
2015-08-22,7,1,1,27658,15729,7607
2015-08-23,5,2,2,27663,15731,7609
2015-08-24,3,0,0,27666,15731,7609
2015-08-25,3,0,0,27669,15731,7609
2015-08-26,3,0,0,27672,15731,7609
2015-08-27,3,0,0,27675,15731,7609
2015-08-28,2,0,0,27677,15731,7609
2015-08-29,2,0,0,27679,15731,7609
2015-08-30,2,0,0,27681,15731,7609
2015-08-31,4,0,0,27685,15731,7609
2015-09-01,2,0,0,27687,15731,7609
2015-09-02,7,0,0,27694,15731,7609
2015-09-03,1,0,0,27695,15731,7609
2015-09-04,2,0,0,27697,15731,7609
2015-09-05,4,0,0,27701,15731,7609
2015-09-06,2,0,0,27703,15731,7609
2015-09-07,5,0,0,27708,15731,7609
2015-09-08,0,0,0,27708,15731,7609
2015-09-09,3,1,1,27711,15732,7610
2015-09-10,0,0,0,27711,15732,7610
2015-09-11,5,0,0,27716,15732,7610
2015-09-12,2,0,0,27718,15732,7610
2015-09-13,1,0,0,27719,15732,7610
2015-09-14,2,0,0,27721,15732,7610
2015-09-15,2,0,0,27723,15732,7610
2015-09-16,2,0,0,27725,15732,7610
2015-09-17,1,0,0,27726,15732,7610
2015-09-18,4,1,1,27730,15733,7611
2015-09-19,2,0,0,27732,15733,7611
2015-09-20,0,0,0,27732,15733,7611
2015-09-21,3,0,0,27735,15733,7611
2015-09-22,1,0,0,27736,15733,7611
2015-09-23,2,0,0,27738,15733,7611
2015-09-24,2,2,1,27740,15735,7612
2015-09-25,4,0,0,27744,15735,7612
2015-09-26,2,0,0,27746,15735,7612
2015-09-27,3,0,0,27749,15735,7612
2015-09-28,2,1,1,27751,15736,7613
2015-09-29,1,0,0,27752,15736,7613
2015-09-30,2,0,0,27754,15736,7613
2015-10-01,0,0,0,27754,15736,7613
2015-10-02,3,1,1,27757,15737,7614
2015-10-03,3,0,0,27760,15737,7614
2015-10-04,1,0,0,27761,15737,7614
2015-10-05,1,0,0,27762,15737,7614
2015-10-06,1,0,0,27763,15737,7614
2015-10-07,3,0,0,27766,15737,7614
2015-10-08,4,0,0,27770,15737,7614
2015-10-09,2,0,0,27772,15737,7614
2015-10-10,4,0,0,27776,15737,7614
2015-10-11,4,1,1,27780,15738,7615
2015-10-12,4,0,0,27784,15738,7615
2015-10-13,4,1,0,27788,15739,7615
2015-10-14,2,1,1,27790,15740,7616
2015-10-15,3,1,1,27793,15741,7617
2015-10-16,9,1,1,27802,15742,7618
2015-10-17,3,0,0,27805,15742,7618
2015-10-18,6,0,0,27811,15742,7618
2015-10-19,7,1,1,27818,15743,7619
2015-10-20,5,0,0,27823,15743,7619
2015-10-21,8,2,2,27831,15745,7621
2015-10-22,4,1,1,27835,15746,7622
2015-10-23,6,2,2,27841,15748,7624
2015-10-24,10,4,4,27851,15752,7628
2015-10-25,13,2,2,27864,15754,7630
2015-10-26,8,2,2,27872,15756,7632
2015-10-27,6,0,0,27878,15756,7632
2015-10-28,9,2,2,27887,15758,7634
2015-10-29,5,0,0,27892,15758,7634
2015-10-30,1,0,0,27893,15758,7634
2015-10-31,4,0,0,27897,15758,7634
2015-11-01,6,3,3,27903,15761,7637
2015-11-02,11,2,2,27914,15763,7639
2015-11-03,4,0,0,27918,15763,7639
2015-11-04,10,2,2,27928,15765,7641
2015-11-05,7,1,1,27935,15766,7642
2015-11-06,7,2,2,27942,15768,7644
2015-11-07,6,1,1,27948,15769,7645
2015-11-08,6,2,2,27954,15771,7647
2015-11-09,5,1,1,27959,15772,7648
2015-11-10,9,2,2,27968,15774,7650
2015-11-11,4,2,2,27972,15776,7652
2015-11-12,9,3,3,27981,15779,7655
2015-11-13,7,1,1,27988,15780,7656
2015-11-14,4,0,0,27992,15780,7656
2015-11-15,6,2,2,27998,15782,7658
2015-11-16,9,4,4,28007,15786,7662
2015-11-17,14,5,5,28021,15791,7667
2015-11-18,4,0,0,28025,15791,7667
2015-11-19,8,2,2,28033,15793,7669
2015-11-20,12,3,3,28045,15796,7672
2015-11-21,10,5,5,28055,15801,7677
2015-11-22,15,7,7,28070,15808,7684
2015-11-23,16,7,7,28086,15815,7691
2015-11-24,18,8,8,28104,15823,7699
2015-11-25,16,4,4,28120,15827,7703
2015-11-26,12,1,1,28132,15828,7704
2015-11-27,18,6,6,28150,15834,7710
2015-11-28,19,15,15,28169,15849,7725
2015-11-29,9,6,6,28178,15855,7731
2015-11-30,23,11,11,28201,15866,7742
2015-12-01,17,6,6,28218,15872,7748
2015-12-02,16,7,7,28234,15879,7755
2015-12-03,25,13,13,28259,15892,7768
2015-12-04,24,13,13,28283,15905,7781
2015-12-05,23,8,8,28306,15913,7789
2015-12-06,24,6,6,28330,15919,7795
2015-12-07,29,11,11,28359,15930,7806
2015-12-08,26,13,13,28385,15943,7819
2015-12-09,25,9,9,28410,15952,7828
2015-12-10,22,13,13,28432,15965,7841
2015-12-11,26,5,5,28458,15970,7846
2015-12-12,14,8,7,28472,15978,7853
2015-12-13,19,5,5,28491,15983,7858
2015-12-14,11,5,4,28502,15988,7862
2015-12-15,12,5,5,28514,15993,7867
2015-12-16,8,1,1,28522,15994,7868
2015-12-17,14,5,5,28536,15999,7873
2015-12-18,9,2,2,28545,16001,7875
2015-12-19,4,1,1,28549,16002,7876
2015-12-20,2,1,1,28551,16003,7877
2015-12-21,1,0,0,28552,16003,7877
2015-12-22,1,1,1,28553,16004,7878
2015-12-23,2,1,1,28555,16005,7879
2015-12-24,1,0,0,28556,16005,7879
2015-12-25,1,0,0,28557,16005,7879
2015-12-26,1,0,0,28558,16005,7879
2015-12-27,3,0,0,28561,16005,7879
2015-12-28,4,3,3,28565,16008,7882
2015-12-29,1,1,1,28566,16009,7883
2015-12-30,15,11,9,28581,16020,7892
2015-12-31,5,2,2,28586,16022,7894
2016-01-01,12,7,7,28598,16029,7901
2016-01-02,21,13,11,28619,16042,7912
2016-01-03,18,9,5,28637,16051,7917
2016-01-04,26,16,13,28663,16067,7930
2016-01-05,22,11,6,28685,16078,7936
2016-01-06,17,11,10,28702,16089,7946
2016-01-07,20,10,7,28722,16099,7953
2016-01-08,26,13,12,28748,16112,7965
2016-01-09,19,13,9,28767,16125,7974
2016-01-10,25,14,12,28792,16139,7986
2016-01-11,36,23,13,28828,16162,7999
2016-01-12,47,26,19,28875,16188,8018
2016-01-13,30,19,15,28905,16207,8033
2016-01-14,53,34,29,28958,16241,8062
2016-01-15,33,23,19,28991,16264,8081
2016-01-16,62,37,22,29053,16301,8103
2016-01-17,59,39,30,29112,16340,8133
2016-01-18,81,54,41,29193,16394,8174
2016-01-19,60,42,28,29253,16436,8202
2016-01-20,78,50,32,29331,16486,8234
2016-01-21,71,48,32,29402,16534,8266
2016-01-22,85,54,42,29487,16588,8308
2016-01-23,81,53,41,29568,16641,8349
2016-01-24,97,67,46,29665,16708,8395
2016-01-25,83,62,37,29748,16770,8432
2016-01-26,99,74,41,29847,16844,8473
2016-01-27,92,62,32,29939,16906,8505
2016-01-28,112,71,44,30051,16977,8549
2016-01-29,90,64,30,30141,17041,8579
2016-01-30,86,65,37,30227,17106,8616
2016-01-31,118,86,37,30345,17192,8653
2016-02-01,128,94,41,30473,17286,8694
2016-02-02,114,88,43,30587,17374,8737
2016-02-03,118,88,42,30705,17462,8779
2016-02-04,126,99,50,30831,17561,8829
2016-02-05,101,84,44,30932,17645,8873
2016-02-06,81,57,37,31013,17702,8910
2016-02-07,115,89,41,31128,17791,8951
2016-02-08,121,90,53,31249,17881,9004
2016-02-09,138,101,62,31387,17982,9066
2016-02-10,162,109,55,31549,18091,9121
2016-02-11,149,101,49,31698,18192,9170
2016-02-12,138,107,65,31836,18299,9235
2016-02-13,128,106,78,31964,18405,9313
2016-02-14,157,110,65,32121,18515,9378
2016-02-15,158,120,68,32279,18635,9446
2016-02-16,129,103,56,32408,18738,9502
2016-02-17,124,101,48,32532,18839,9550
2016-02-18,139,104,60,32671,18943,9610
2016-02-19,141,104,73,32812,19047,9683
2016-02-20,127,101,56,32939,19148,9739
2016-02-21,154,110,62,33093,19258,9801
2016-02-22,188,133,62,33281,19391,9863
2016-02-23,186,136,77,33467,19527,9940
2016-02-24,169,127,74,33636,19654,10014
2016-02-25,183,138,83,33819,19792,10097
2016-02-26,150,109,66,33969,19901,10163
2016-02-27,153,113,57,34122,20014,10220
2016-02-28,150,120,55,34272,20134,10275
2016-02-29,169,127,59,34441,20261,10334
2016-03-01,185,141,64,34626,20402,10398
2016-03-02,149,122,46,34775,20524,10444
2016-03-03,148,105,41,34923,20629,10485
2016-03-04,156,114,44,35079,20743,10529
2016-03-05,130,104,38,35209,20847,10567
2016-03-06,122,97,24,35331,20944,10591
2016-03-07,140,115,29,35471,21059,10620
2016-03-08,107,93,16,35578,21152,10636
2016-03-09,99,75,12,35677,21227,10648
2016-03-10,133,119,27,35810,21346,10675
2016-03-11,115,86,25,35925,21432,10700
2016-03-12,110,95,24,36035,21527,10724
2016-03-13,113,92,20,36148,21619,10744
2016-03-14,115,95,18,36263,21714,10762
2016-03-15,112,91,19,36375,21805,10781
2016-03-16,96,73,16,36471,21878,10797
2016-03-17,87,68,20,36558,21946,10817
2016-03-18,81,63,14,36639,22009,10831
2016-03-19,81,62,17,36720,22071,10848
2016-03-20,88,73,15,36808,22144,10863
2016-03-21,73,61,16,36881,22205,10879
2016-03-22,83,70,19,36964,22275,10898
2016-03-23,87,67,14,37051,22342,10912
2016-03-24,79,64,17,37130,22406,10929
2016-03-25,84,70,13,37214,22476,10942
2016-03-26,74,65,23,37288,22541,10965
2016-03-27,66,53,15,37354,22594,10980
2016-03-28,96,78,22,37450,22672,11002
2016-03-29,67,53,16,37517,22725,11018
2016-03-30,75,57,19,37592,22782,11037
2016-03-31,47,31,9,37639,22813,11046
2016-04-01,86,68,18,37725,22881,11064
2016-04-02,80,68,12,37805,22949,11076
2016-04-03,69,52,17,37874,23001,11093
2016-04-04,85,67,18,37959,23068,11111
2016-04-05,60,47,12,38019,23115,11123
2016-04-06,54,37,15,38073,23152,11138
2016-04-07,61,49,13,38134,23201,11151
2016-04-08,56,46,9,38190,23247,11160
2016-04-09,43,34,5,38233,23281,11165
2016-04-10,45,38,10,38278,23319,11175
2016-04-11,56,47,14,38334,23366,11189
2016-04-12,32,28,10,38366,23394,11199
2016-04-13,36,24,7,38402,23418,11206
2016-04-14,31,19,7,38433,23437,11213
2016-04-15,32,19,5,38465,23456,11218
2016-04-16,35,22,11,38500,23478,11229
2016-04-17,46,30,7,38546,23508,11236
2016-04-18,47,30,11,38593,23538,11247
2016-04-19,34,23,8,38627,23561,11255
2016-04-20,40,32,16,38667,23593,11271
2016-04-21,20,13,3,38687,23606,11274
2016-04-22,24,18,8,38711,23624,11282
2016-04-23,18,14,8,38729,23638,11290
2016-04-24,18,14,6,38747,23652,11296
2016-04-25,19,15,11,38766,23667,11307
2016-04-26,19,14,6,38785,23681,11313
2016-04-27,20,12,4,38805,23693,11317
2016-04-28,11,7,3,38816,23700,11320
2016-04-29,13,8,1,38829,23708,11321
2016-04-30,20,14,10,38849,23722,11331
2016-05-01,17,8,5,38866,23730,11336
2016-05-02,22,8,6,38888,23738,11342
2016-05-03,15,2,2,38903,23740,11344
2016-05-04,20,4,2,38923,23744,11346
2016-05-05,12,4,1,38935,23748,11347
2016-05-06,7,3,2,38942,23751,11349
2016-05-07,14,3,1,38956,23754,11350
2016-05-08,9,1,1,38965,23755,11351
2016-05-09,15,6,2,38980,23761,11353
2016-05-10,8,1,1,38988,23762,11354
2016-05-11,23,5,3,39011,23767,11357
2016-05-12,9,2,2,39020,23769,11359
2016-05-13,10,3,3,39030,23772,11362
2016-05-14,8,1,1,39038,23773,11363
2016-05-15,12,1,0,39050,23774,11363
2016-05-16,4,1,0,39054,23775,11363
2016-05-17,10,3,1,39064,23778,11364
2016-05-18,8,1,0,39072,23779,11364
2016-05-19,5,1,1,39077,23780,11365
2016-05-20,6,0,0,39083,23780,11365
2016-05-21,3,1,1,39086,23781,11366
2016-05-22,7,0,0,39093,23781,11366
2016-05-23,2,0,0,39095,23781,11366
2016-05-24,1,0,0,39096,23781,11366
2016-05-25,1,0,0,39097,23781,11366
2016-05-26,3,0,0,39100,23781,11366
2016-05-27,5,0,0,39105,23781,11366
2016-05-28,4,0,0,39109,23781,11366
2016-05-29,4,0,0,39113,23781,11366
2016-05-30,2,0,0,39115,23781,11366
2016-05-31,3,1,0,39118,23782,11366
2016-06-01,6,2,1,39124,23784,11367
2016-06-02,0,0,0,39124,23784,11367
2016-06-03,2,1,0,39126,23785,11367
2016-06-04,3,0,0,39129,23785,11367
2016-06-05,0,0,0,39129,23785,11367
2016-06-06,1,0,0,39130,23785,11367
2016-06-07,2,0,0,39132,23785,11367
2016-06-08,0,0,0,39132,23785,11367
2016-06-09,0,0,0,39132,23785,11367
2016-06-10,4,1,0,39136,23786,11367
2016-06-11,0,0,0,39136,23786,11367
2016-06-12,5,0,0,39141,23786,11367
2016-06-13,0,0,0,39141,23786,11367
2016-06-14,3,2,1,39144,23788,11368
2016-06-15,1,0,0,39145,23788,11368
2016-06-16,3,0,0,39148,23788,11368
2016-06-17,1,0,0,39149,23788,11368
2016-06-18,1,0,0,39150,23788,11368
2016-06-19,1,0,0,39151,23788,11368
2016-06-20,4,1,0,39155,23789,11368
2016-06-21,0,0,0,39155,23789,11368
2016-06-22,1,0,0,39156,23789,11368
2016-06-23,1,0,0,39157,23789,11368
2016-06-24,0,0,0,39157,23789,11368
2016-06-25,0,0,0,39157,23789,11368
2016-06-26,0,0,0,39157,23789,11368
2016-06-27,2,0,0,39159,23789,11368
2016-06-28,0,0,0,39159,23789,11368
2016-06-29,1,0,0,39160,23789,11368
2016-06-30,2,0,0,39162,23789,11368
2016-07-01,3,1,1,39165,23790,11369
2016-07-02,0,0,0,39165,23790,11369
2016-07-03,0,0,0,39165,23790,11369
2016-07-04,1,0,0,39166,23790,11369
2016-07-05,1,0,0,39167,23790,11369
2016-07-06,1,0,0,39168,23790,11369
2016-07-07,3,0,0,39171,23790,11369
2016-07-08,1,0,0,39172,23790,11369
2016-07-09,0,0,0,39172,23790,11369
2016-07-10,2,1,1,39174,23791,11370
2016-07-11,3,1,0,39177,23792,11370
2016-07-12,1,0,0,39178,23792,11370
2016-07-13,1,1,0,39179,23793,11370
2016-07-14,1,1,0,39180,23794,11370
2016-07-15,2,1,0,39182,23795,11370
2016-07-16,0,0,0,39182,23795,11370
2016-07-17,3,1,0,39185,23796,11370
2016-07-18,1,0,0,39186,23796,11370
2016-07-19,2,0,0,39188,23796,11370
2016-07-20,1,0,0,39189,23796,11370
2016-07-21,0,0,0,39189,23796,11370
2016-07-22,0,0,0,39189,23796,11370
2016-07-23,1,0,0,39190,23796,11370
2016-07-24,2,1,0,39192,23797,11370
2016-07-25,3,1,1,39195,23798,11371
2016-07-26,1,0,0,39196,23798,11371
2016-07-27,1,0,0,39197,23798,11371
2016-07-28,3,0,0,39200,23798,11371
2016-07-29,1,0,0,39201,23798,11371
2016-07-30,0,0,0,39201,23798,11371
2016-07-31,0,0,0,39201,23798,11371
2016-08-01,2,0,0,39203,23798,11371
2016-08-02,1,0,0,39204,23798,11371
2016-08-03,0,0,0,39204,23798,11371
2016-08-04,1,0,0,39205,23798,11371
2016-08-05,2,0,0,39207,23798,11371
2016-08-06,2,0,0,39209,23798,11371
2016-08-07,2,0,0,39211,23798,11371
2016-08-08,0,0,0,39211,23798,11371
2016-08-09,1,0,0,39212,23798,11371
2016-08-10,0,0,0,39212,23798,11371
2016-08-11,2,0,0,39214,23798,11371
2016-08-12,2,0,0,39216,23798,11371
2016-08-13,3,0,0,39219,23798,11371
2016-08-14,2,0,0,39221,23798,11371
2016-08-15,1,0,0,39222,23798,11371
2016-08-16,0,0,0,39222,23798,11371
2016-08-17,1,0,0,39223,23798,11371
2016-08-18,2,0,0,39225,23798,11371
2016-08-19,0,0,0,39225,23798,11371
2016-08-20,1,0,0,39226,23798,11371
2016-08-21,1,0,0,39227,23798,11371
2016-08-22,2,0,0,39229,23798,11371
2016-08-23,4,0,0,39233,23798,11371
2016-08-24,1,0,0,39234,23798,11371
2016-08-25,1,0,0,39235,23798,11371
2016-08-26,1,0,0,39236,23798,11371
2016-08-27,3,0,0,39239,23798,11371
2016-08-28,0,0,0,39239,23798,11371
2016-08-29,0,0,0,39239,23798,11371
2016-08-30,0,0,0,39239,23798,11371
2016-08-31,1,0,0,39240,23798,11371
2016-09-01,0,0,0,39240,23798,11371
2016-09-02,1,0,0,39241,23798,11371
2016-09-03,1,0,0,39242,23798,11371
2016-09-04,0,0,0,39242,23798,11371
2016-09-05,0,0,0,39242,23798,11371
2016-09-06,2,0,0,39244,23798,11371
2016-09-07,3,0,0,39247,23798,11371
2016-09-08,3,0,0,39250,23798,11371
2016-09-09,1,0,0,39251,23798,11371
2016-09-10,3,0,0,39254,23798,11371
2016-09-11,1,0,0,39255,23798,11371
2016-09-12,2,0,0,39257,23798,11371
2016-09-13,3,0,0,39260,23798,11371
2016-09-14,2,0,0,39262,23798,11371
2016-09-15,3,0,0,39265,23798,11371
2016-09-16,1,0,0,39266,23798,11371
2016-09-17,5,1,0,39271,23799,11371
2016-09-18,0,0,0,39271,23799,11371
2016-09-19,0,0,0,39271,23799,11371
2016-09-20,3,0,0,39274,23799,11371
2016-09-21,2,1,1,39276,23800,11372
2016-09-22,3,0,0,39279,23800,11372
2016-09-23,1,0,0,39280,23800,11372
2016-09-24,1,0,0,39281,23800,11372
2016-09-25,1,0,0,39282,23800,11372
2016-09-26,4,0,0,39286,23800,11372
2016-09-27,5,0,0,39291,23800,11372
2016-09-28,3,0,0,39294,23800,11372
2016-09-29,3,0,0,39297,23800,11372
2016-09-30,0,0,0,39297,23800,11372
2016-10-01,5,0,0,39302,23800,11372
2016-10-02,4,0,0,39306,23800,11372
2016-10-03,3,0,0,39309,23800,11372
2016-10-04,3,0,0,39312,23800,11372
2016-10-05,2,0,0,39314,23800,11372
2016-10-06,0,0,0,39314,23800,11372
2016-10-07,4,0,0,39318,23800,11372
2016-10-08,1,0,0,39319,23800,11372
2016-10-09,4,0,0,39323,23800,11372
2016-10-10,8,0,0,39331,23800,11372
2016-10-11,5,0,0,39336,23800,11372
2016-10-12,6,0,0,39342,23800,11372
2016-10-13,1,0,0,39343,23800,11372
2016-10-14,7,0,0,39350,23800,11372
2016-10-15,2,0,0,39352,23800,11372
2016-10-16,6,0,0,39358,23800,11372
2016-10-17,3,0,0,39361,23800,11372
2016-10-18,7,0,0,39368,23800,11372
2016-10-19,3,0,0,39371,23800,11372
2016-10-20,2,0,0,39373,23800,11372
2016-10-21,7,0,0,39380,23800,11372
2016-10-22,2,0,0,39382,23800,11372
2016-10-23,4,0,0,39386,23800,11372
2016-10-24,3,0,0,39389,23800,11372
2016-10-25,4,0,0,39393,23800,11372
2016-10-26,2,0,0,39395,23800,11372
2016-10-27,2,0,0,39397,23800,11372
2016-10-28,3,0,0,39400,23800,11372
2016-10-29,6,0,0,39406,23800,11372
2016-10-30,2,0,0,39408,23800,11372
2016-10-31,8,0,0,39416,23800,11372
2016-11-01,10,0,0,39426,23800,11372
2016-11-02,6,0,0,39432,23800,11372
2016-11-03,8,0,0,39440,23800,11372
2016-11-04,4,0,0,39444,23800,11372
2016-11-05,5,0,0,39449,23800,11372
2016-11-06,1,0,0,39450,23800,11372
2016-11-07,3,0,0,39453,23800,11372
2016-11-08,0,0,0,39453,23800,11372
2016-11-09,5,0,0,39458,23800,11372
2016-11-10,1,0,0,39459,23800,11372
2016-11-11,2,0,0,39461,23800,11372
2016-11-12,2,0,0,39463,23800,11372
2016-11-13,4,0,0,39467,23800,11372
2016-11-14,0,0,0,39467,23800,11372
2016-11-15,4,1,0,39471,23801,11372
2016-11-16,9,0,0,39480,23801,11372
2016-11-17,2,0,0,39482,23801,11372
2016-11-18,4,0,0,39486,23801,11372
2016-11-19,5,0,0,39491,23801,11372
2016-11-20,7,0,0,39498,23801,11372
2016-11-21,12,0,0,39510,23801,11372
2016-11-22,3,0,0,39513,23801,11372
2016-11-23,8,0,0,39521,23801,11372
2016-11-24,3,0,0,39524,23801,11372
2016-11-25,2,0,0,39526,23801,11372
2016-11-26,4,0,0,39530,23801,11372
2016-11-27,6,0,0,39536,23801,11372
2016-11-28,8,0,0,39544,23801,11372
2016-11-29,6,0,0,39550,23801,11372
2016-11-30,8,0,0,39558,23801,11372
2016-12-01,7,0,0,39565,23801,11372
2016-12-02,6,0,0,39571,23801,11372
2016-12-03,6,0,0,39577,23801,11372
2016-12-04,4,0,0,39581,23801,11372
2016-12-05,7,0,0,39588,23801,11372
2016-12-06,3,0,0,39591,23801,11372
2016-12-07,6,0,0,39597,23801,11372
2016-12-08,4,0,0,39601,23801,11372
2016-12-09,0,0,0,39601,23801,11372
2016-12-10,3,0,0,39604,23801,11372
2016-12-11,0,0,0,39604,23801,11372
2016-12-12,0,0,0,39604,23801,11372
2016-12-13,0,0,0,39604,23801,11372
2016-12-14,0,0,0,39604,23801,11372
2016-12-15,0,0,0,39604,23801,11372
2016-12-16,0,0,0,39604,23801,11372
2016-12-17,0,0,0,39604,23801,11372
2016-12-18,0,0,0,39604,23801,11372
2016-12-19,0,0,0,39604,23801,11372
2016-12-20,2,0,0,39606,23801,11372
2016-12-21,0,0,0,39606,23801,11372
2016-12-22,0,0,0,39606,23801,11372
2016-12-23,1,0,0,39607,23801,11372
2016-12-24,1,0,0,39608,23801,11372
2016-12-25,2,0,0,39610,23801,11372
2016-12-26,0,0,0,39610,23801,11372
2016-12-27,0,0,0,39610,23801,11372
2016-12-28,0,0,0,39610,23801,11372
2016-12-29,1,0,0,39611,23801,11372
2016-12-30,3,0,0,39614,23801,11372
2016-12-31,2,0,0,39616,23801,11372
2017-01-01,7,0,0,39623,23801,11372
2017-01-02,6,0,0,39629,23801,11372
2017-01-03,5,0,0,39634,23801,11372
2017-01-04,4,0,0,39638,23801,11372
2017-01-05,2,0,0,39640,23801,11372
2017-01-06,4,0,0,39644,23801,11372
2017-01-07,4,0,0,39648,23801,11372
2017-01-08,9,0,0,39657,23801,11372
2017-01-09,6,0,0,39663,23801,11372
2017-01-10,10,0,0,39673,23801,11372
2017-01-11,5,0,0,39678,23801,11372
2017-01-12,8,0,0,39686,23801,11372
2017-01-13,6,1,1,39692,23802,11373
2017-01-14,7,1,1,39699,23803,11374
2017-01-15,5,0,0,39704,23803,11374
2017-01-16,8,1,0,39712,23804,11374
2017-01-17,4,0,0,39716,23804,11374
2017-01-18,9,0,0,39725,23804,11374
2017-01-19,4,0,0,39729,23804,11374
2017-01-20,2,0,0,39731,23804,11374
2017-01-21,5,0,0,39736,23804,11374
2017-01-22,8,0,0,39744,23804,11374
2017-01-23,4,0,0,39748,23804,11374
2017-01-24,3,0,0,39751,23804,11374
2017-01-25,7,0,0,39758,23804,11374
2017-01-26,1,0,0,39759,23804,11374
2017-01-27,5,0,0,39764,23804,11374
2017-01-28,2,0,0,39766,23804,11374
2017-01-29,9,0,0,39775,23804,11374
2017-01-30,5,0,0,39780,23804,11374
2017-01-31,7,0,0,39787,23804,11374
2017-02-01,2,0,0,39789,23804,11374
2017-02-02,4,0,0,39793,23804,11374
2017-02-03,6,0,0,39799,23804,11374
2017-02-04,3,0,0,39802,23804,11374
2017-02-05,7,1,1,39809,23805,11375
2017-02-06,7,0,0,39816,23805,11375
2017-02-07,5,0,0,39821,23805,11375
2017-02-08,1,0,0,39822,23805,11375
2017-02-09,3,0,0,39825,23805,11375
2017-02-10,4,0,0,39829,23805,11375
2017-02-11,2,0,0,39831,23805,11375
2017-02-12,5,0,0,39836,23805,11375
2017-02-13,6,0,0,39842,23805,11375
2017-02-14,5,0,0,39847,23805,11375
2017-02-15,2,0,0,39849,23805,11375
2017-02-16,1,0,0,39850,23805,11375
2017-02-17,5,0,0,39855,23805,11375
2017-02-18,4,0,0,39859,23805,11375
2017-02-19,1,0,0,39860,23805,11375
2017-02-20,7,0,0,39867,23805,11375
2017-02-21,7,0,0,39874,23805,11375
2017-02-22,4,0,0,39878,23805,11375
2017-02-23,3,1,1,39881,23806,11376
2017-02-24,10,0,0,39891,23806,11376
2017-02-25,10,1,1,39901,23807,11377
2017-02-26,7,0,0,39908,23807,11377
2017-02-27,7,0,0,39915,23807,11377
2017-02-28,16,0,0,39931,23807,11377
2017-03-01,10,0,0,39941,23807,11377
2017-03-02,8,0,0,39949,23807,11377
2017-03-03,4,0,0,39953,23807,11377
2017-03-04,4,0,0,39957,23807,11377
2017-03-05,6,0,0,39963,23807,11377
2017-03-06,9,0,0,39972,23807,11377
2017-03-07,7,0,0,39979,23807,11377
2017-03-08,7,1,1,39986,23808,11378
2017-03-09,8,0,0,39994,23808,11378
2017-03-10,8,0,0,40002,23808,11378
2017-03-11,5,0,0,40007,23808,11378
2017-03-12,7,0,0,40014,23808,11378
2017-03-13,10,0,0,40024,23808,11378
2017-03-14,7,0,0,40031,23808,11378
2017-03-15,6,0,0,40037,23808,11378
2017-03-16,12,0,0,40049,23808,11378
2017-03-17,5,0,0,40054,23808,11378
2017-03-18,6,0,0,40060,23808,11378
2017-03-19,6,1,1,40066,23809,11379
2017-03-20,11,0,0,40077,23809,11379
2017-03-21,4,0,0,40081,23809,11379
2017-03-22,12,0,0,40093,23809,11379
2017-03-23,5,0,0,40098,23809,11379
2017-03-24,9,0,0,40107,23809,11379
2017-03-25,9,1,1,40116,23810,11380
2017-03-26,2,0,0,40118,23810,11380
2017-03-27,8,1,1,40126,23811,11381
2017-03-28,7,0,0,40133,23811,11381
2017-03-29,5,0,0,40138,23811,11381
2017-03-30,5,0,0,40143,23811,11381
2017-03-31,6,1,1,40149,23812,11382
2017-04-01,8,0,0,40157,23812,11382
2017-04-02,9,0,0,40166,23812,11382
2017-04-03,14,1,1,40180,23813,11383
2017-04-04,4,0,0,40184,23813,11383
2017-04-05,4,0,0,40188,23813,11383
2017-04-06,4,0,0,40192,23813,11383
2017-04-07,7,0,0,40199,23813,11383
2017-04-08,4,0,0,40203,23813,11383
2017-04-09,6,0,0,40209,23813,11383
2017-04-10,8,0,0,40217,23813,11383
2017-04-11,3,0,0,40220,23813,11383
2017-04-12,3,0,0,40223,23813,11383
2017-04-13,1,0,0,40224,23813,11383
2017-04-14,4,0,0,40228,23813,11383
2017-04-15,5,1,1,40233,23814,11384
2017-04-16,5,0,0,40238,23814,11384
2017-04-17,8,0,0,40246,23814,11384
2017-04-18,4,0,0,40250,23814,11384
2017-04-19,8,0,0,40258,23814,11384
2017-04-20,7,0,0,40265,23814,11384
2017-04-21,9,0,0,40274,23814,11384
2017-04-22,6,0,0,40280,23814,11384
2017-04-23,11,0,0,40291,23814,11384
2017-04-24,6,0,0,40297,23814,11384
2017-04-25,3,0,0,40300,23814,11384
2017-04-26,3,0,0,40303,23814,11384
2017-04-27,2,0,0,40305,23814,11384
2017-04-28,1,0,0,40306,23814,11384
2017-04-29,5,1,1,40311,23815,11385
2017-04-30,0,0,0,40311,23815,11385
2017-05-01,4,0,0,40315,23815,11385
2017-05-02,3,0,0,40318,23815,11385
2017-05-03,7,0,0,40325,23815,11385
2017-05-04,6,0,0,40331,23815,11385
2017-05-05,4,0,0,40335,23815,11385
2017-05-06,3,1,1,40338,23816,11386
2017-05-07,3,0,0,40341,23816,11386
2017-05-08,5,0,0,40346,23816,11386
2017-05-09,4,0,0,40350,23816,11386
2017-05-10,5,0,0,40355,23816,11386
2017-05-11,4,0,0,40359,23816,11386
2017-05-12,3,0,0,40362,23816,11386
2017-05-13,2,0,0,40364,23816,11386
2017-05-14,0,0,0,40364,23816,11386
2017-05-15,8,0,0,40372,23816,11386
2017-05-16,3,0,0,40375,23816,11386
2017-05-17,6,2,2,40381,23818,11388
2017-05-18,3,0,0,40384,23818,11388
2017-05-19,4,1,1,40388,23819,11389
2017-05-20,8,1,1,40396,23820,11390
2017-05-21,6,0,0,40402,23820,11390
2017-05-22,5,0,0,40407,23820,11390
2017-05-23,2,0,0,40409,23820,11390
2017-05-24,6,0,0,40415,23820,11390
2017-05-25,4,0,0,40419,23820,11390
2017-05-26,4,0,0,40423,23820,11390
2017-05-27,3,1,1,40426,23821,11391
2017-05-28,3,0,0,40429,23821,11391
2017-05-29,3,0,0,40432,23821,11391
2017-05-30,1,0,0,40433,23821,11391
2017-05-31,4,0,0,40437,23821,11391
2017-06-01,1,0,0,40438,23821,11391
2017-06-02,1,0,0,40439,23821,11391
2017-06-03,1,0,0,40440,23821,11391
2017-06-04,3,0,0,40443,23821,11391
2017-06-05,1,0,0,40444,23821,11391
2017-06-06,2,1,0,40446,23822,11391
2017-06-07,3,0,0,40449,23822,11391
2017-06-08,0,0,0,40449,23822,11391
2017-06-09,5,0,0,40454,23822,11391
2017-06-10,5,0,0,40459,23822,11391
2017-06-11,2,0,0,40461,23822,11391
2017-06-12,2,0,0,40463,23822,11391
2017-06-13,2,0,0,40465,23822,11391
2017-06-14,2,0,0,40467,23822,11391
2017-06-15,0,0,0,40467,23822,11391
2017-06-16,3,0,0,40470,23822,11391
2017-06-17,2,0,0,40472,23822,11391
2017-06-18,0,0,0,40472,23822,11391
2017-06-19,2,0,0,40474,23822,11391
2017-06-20,7,1,1,40481,23823,11392
2017-06-21,3,0,0,40484,23823,11392
2017-06-22,3,0,0,40487,23823,11392
2017-06-23,0,0,0,40487,23823,11392
2017-06-24,6,0,0,40493,23823,11392
2017-06-25,2,0,0,40495,23823,11392
2017-06-26,1,0,0,40496,23823,11392
2017-06-27,1,0,0,40497,23823,11392
2017-06-28,1,0,0,40498,23823,11392
2017-06-29,2,0,0,40500,23823,11392
2017-06-30,0,0,0,40500,23823,11392
2017-07-01,3,0,0,40503,23823,11392
2017-07-02,1,0,0,40504,23823,11392
2017-07-03,4,2,2,40508,23825,11394
2017-07-04,2,0,0,40510,23825,11394
2017-07-05,1,0,0,40511,23825,11394
2017-07-06,2,1,1,40513,23826,11395
2017-07-07,2,0,0,40515,23826,11395
2017-07-08,1,0,0,40516,23826,11395
2017-07-09,1,0,0,40517,23826,11395
2017-07-10,4,0,0,40521,23826,11395
2017-07-11,10,2,2,40531,23828,11397
2017-07-12,0,0,0,40531,23828,11397
2017-07-13,2,0,0,40533,23828,11397
2017-07-14,5,1,1,40538,23829,11398
2017-07-15,4,0,0,40542,23829,11398
2017-07-16,0,0,0,40542,23829,11398
2017-07-17,0,0,0,40542,23829,11398
2017-07-18,3,0,0,40545,23829,11398
2017-07-19,1,0,0,40546,23829,11398
2017-07-20,4,0,0,40550,23829,11398
2017-07-21,2,0,0,40552,23829,11398
2017-07-22,0,0,0,40552,23829,11398
2017-07-23,3,0,0,40555,23829,11398
2017-07-24,1,0,0,40556,23829,11398
2017-07-25,2,0,0,40558,23829,11398
2017-07-26,2,1,0,40560,23830,11398
2017-07-27,1,0,0,40561,23830,11398
2017-07-28,5,0,0,40566,23830,11398
2017-07-29,5,0,0,40571,23830,11398
2017-07-30,4,0,0,40575,23830,11398
2017-07-31,1,0,0,40576,23830,11398
2017-08-01,8,1,1,40584,23831,11399
2017-08-02,6,0,0,40590,23831,11399
2017-08-03,3,1,0,40593,23832,11399
2017-08-04,5,1,1,40598,23833,11400
2017-08-05,2,0,0,40600,23833,11400
2017-08-06,6,1,1,40606,23834,11401
2017-08-07,5,0,0,40611,23834,11401
2017-08-08,5,0,0,40616,23834,11401
2017-08-09,3,1,1,40619,23835,11402
2017-08-10,2,0,0,40621,23835,11402
2017-08-11,3,0,0,40624,23835,11402
2017-08-12,5,1,1,40629,23836,11403
2017-08-13,0,0,0,40629,23836,11403
2017-08-14,5,0,0,40634,23836,11403
2017-08-15,11,1,1,40645,23837,11404
2017-08-16,5,0,0,40650,23837,11404
2017-08-17,3,0,0,40653,23837,11404
2017-08-18,2,0,0,40655,23837,11404
2017-08-19,11,0,0,40666,23837,11404
2017-08-20,4,0,0,40670,23837,11404
2017-08-21,6,0,0,40676,23837,11404
2017-08-22,2,0,0,40678,23837,11404
2017-08-23,9,1,0,40687,23838,11404
2017-08-24,4,1,1,40691,23839,11405
2017-08-25,6,0,0,40697,23839,11405
2017-08-26,6,0,0,40703,23839,11405
2017-08-27,7,0,0,40710,23839,11405
2017-08-28,5,0,0,40715,23839,11405
2017-08-29,6,0,0,40721,23839,11405
2017-08-30,6,0,0,40727,23839,11405
2017-08-31,10,0,0,40737,23839,11405
2017-09-01,8,1,1,40745,23840,11406
2017-09-02,10,0,0,40755,23840,11406
2017-09-03,11,1,1,40766,23841,11407
2017-09-04,5,0,0,40771,23841,11407
2017-09-05,4,0,0,40775,23841,11407
2017-09-06,5,1,1,40780,23842,11408
2017-09-07,3,0,0,40783,23842,11408
2017-09-08,4,0,0,40787,23842,11408
2017-09-09,5,0,0,40792,23842,11408
2017-09-10,5,2,2,40797,23844,11410
2017-09-11,7,0,0,40804,23844,11410
2017-09-12,7,1,1,40811,23845,11411
2017-09-13,7,0,0,40818,23845,11411
2017-09-14,7,0,0,40825,23845,11411
2017-09-15,9,0,0,40834,23845,11411
2017-09-16,8,0,0,40842,23845,11411
2017-09-17,8,4,4,40850,23849,11415
2017-09-18,10,0,0,40860,23849,11415
2017-09-19,15,2,2,40875,23851,11417
2017-09-20,11,3,3,40886,23854,11420
2017-09-21,8,1,1,40894,23855,11421
2017-09-22,10,4,4,40904,23859,11425
2017-09-23,7,1,1,40911,23860,11426
2017-09-24,5,0,0,40916,23860,11426
2017-09-25,10,1,1,40926,23861,11427
2017-09-26,4,0,0,40930,23861,11427
2017-09-27,6,0,0,40936,23861,11427
2017-09-28,4,0,0,40940,23861,11427
2017-09-29,4,0,0,40944,23861,11427
2017-09-30,5,0,0,40949,23861,11427
2017-10-01,4,0,0,40953,23861,11427
2017-10-02,5,0,0,40958,23861,11427
2017-10-03,8,0,0,40966,23861,11427
2017-10-04,3,0,0,40969,23861,11427
2017-10-05,7,1,1,40976,23862,11428
2017-10-06,3,0,0,40979,23862,11428
2017-10-07,7,0,0,40986,23862,11428
2017-10-08,5,0,0,40991,23862,11428
2017-10-09,2,0,0,40993,23862,11428
2017-10-10,1,0,0,40994,23862,11428
2017-10-11,9,0,0,41003,23862,11428
2017-10-12,7,0,0,41010,23862,11428
2017-10-13,5,0,0,41015,23862,11428
2017-10-14,7,0,0,41022,23862,11428
2017-10-15,8,0,0,41030,23862,11428
2017-10-16,12,0,0,41042,23862,11428
2017-10-17,4,0,0,41046,23862,11428
2017-10-18,10,0,0,41056,23862,11428
2017-10-19,6,0,0,41062,23862,11428
2017-10-20,9,0,0,41071,23862,11428
2017-10-21,5,0,0,41076,23862,11428
2017-10-22,5,0,0,41081,23862,11428
2017-10-23,6,0,0,41087,23862,11428
2017-10-24,5,0,0,41092,23862,11428
2017-10-25,6,0,0,41098,23862,11428
2017-10-26,10,1,1,41108,23863,11429
2017-10-27,8,0,0,41116,23863,11429
2017-10-28,7,0,0,41123,23863,11429
2017-10-29,4,0,0,41127,23863,11429
2017-10-30,5,0,0,41132,23863,11429
2017-10-31,7,0,0,41139,23863,11429
2017-11-01,5,0,0,41144,23863,11429
2017-11-02,6,0,0,41150,23863,11429
2017-11-03,7,0,0,41157,23863,11429
2017-11-04,5,0,0,41162,23863,11429
2017-11-05,4,0,0,41166,23863,11429
2017-11-06,8,0,0,41174,23863,11429
2017-11-07,10,0,0,41184,23863,11429
2017-11-08,8,0,0,41192,23863,11429
2017-11-09,11,1,1,41203,23864,11430
2017-11-10,5,0,0,41208,23864,11430
2017-11-11,8,0,0,41216,23864,11430
2017-11-12,4,0,0,41220,23864,11430
2017-11-13,8,0,0,41228,23864,11430
2017-11-14,9,0,0,41237,23864,11430
2017-11-15,6,0,0,41243,23864,11430
2017-11-16,6,0,0,41249,23864,11430
2017-11-17,9,0,0,41258,23864,11430
2017-11-18,6,0,0,41264,23864,11430
2017-11-19,8,0,0,41272,23864,11430
2017-11-20,14,0,0,41286,23864,11430
2017-11-21,6,0,0,41292,23864,11430
2017-11-22,6,0,0,41298,23864,11430
2017-11-23,9,0,0,41307,23864,11430
2017-11-24,7,1,0,41314,23865,11430
2017-11-25,6,0,0,41320,23865,11430
2017-11-26,3,0,0,41323,23865,11430
2017-11-27,6,0,0,41329,23865,11430
2017-11-28,5,0,0,41334,23865,11430
2017-11-29,4,0,0,41338,23865,11430
2017-11-30,14,1,1,41352,23866,11431
2017-12-01,5,0,0,41357,23866,11431
2017-12-02,4,1,1,41361,23867,11432
2017-12-03,8,0,0,41369,23867,11432
2017-12-04,8,1,1,41377,23868,11433
2017-12-05,9,0,0,41386,23868,11433
2017-12-06,9,0,0,41395,23868,11433
2017-12-07,10,1,1,41405,23869,11434
2017-12-08,6,0,0,41411,23869,11434
2017-12-09,5,0,0,41416,23869,11434
2017-12-10,6,0,0,41422,23869,11434
2017-12-11,9,0,0,41431,23869,11434
2017-12-12,4,0,0,41435,23869,11434
2017-12-13,6,0,0,41441,23869,11434
2017-12-14,7,0,0,41448,23869,11434
2017-12-15,1,0,0,41449,23869,11434
2017-12-16,5,0,0,41454,23869,11434
2017-12-17,7,0,0,41461,23869,11434
2017-12-18,6,0,0,41467,23869,11434
2017-12-19,4,0,0,41471,23869,11434
2017-12-20,3,0,0,41474,23869,11434
2017-12-21,5,0,0,41479,23869,11434
2017-12-22,9,2,2,41488,23871,11436
2017-12-23,7,1,1,41495,23872,11437
2017-12-24,1,0,0,41496,23872,11437
2017-12-25,7,1,1,41503,23873,11438
2017-12-26,5,0,0,41508,23873,11438
2017-12-27,9,0,0,41517,23873,11438
2017-12-28,10,1,0,41527,23874,11438
2017-12-29,2,0,0,41529,23874,11438
2017-12-30,7,0,0,41536,23874,11438
2017-12-31,0,0,0,41536,23874,11438
2018-01-01,10,0,0,41546,23874,11438
2018-01-02,8,1,1,41554,23875,11439
2018-01-03,6,0,0,41560,23875,11439
2018-01-04,4,0,0,41564,23875,11439
2018-01-05,7,0,0,41571,23875,11439
2018-01-06,8,0,0,41579,23875,11439
2018-01-07,3,0,0,41582,23875,11439
2018-01-08,6,1,0,41588,23876,11439
2018-01-09,9,0,0,41597,23876,11439
2018-01-10,9,0,0,41606,23876,11439
2018-01-11,8,1,1,41614,23877,11440
2018-01-12,3,0,0,41617,23877,11440
2018-01-13,5,0,0,41622,23877,11440
2018-01-14,8,1,1,41630,23878,11441
2018-01-15,9,0,0,41639,23878,11441
2018-01-16,7,0,0,41646,23878,11441
2018-01-17,6,0,0,41652,23878,11441
2018-01-18,9,0,0,41661,23878,11441
2018-01-19,3,0,0,41664,23878,11441
2018-01-20,11,1,1,41675,23879,11442
2018-01-21,4,1,0,41679,23880,11442
2018-01-22,13,0,0,41692,23880,11442
2018-01-23,5,0,0,41697,23880,11442
2018-01-24,6,0,0,41703,23880,11442
2018-01-25,8,0,0,41711,23880,11442
2018-01-26,3,1,1,41714,23881,11443
2018-01-27,6,0,0,41720,23881,11443
2018-01-28,10,3,3,41730,23884,11446
2018-01-29,6,0,0,41736,23884,11446
2018-01-30,7,0,0,41743,23884,11446
2018-01-31,4,0,0,41747,23884,11446
2018-02-01,6,0,0,41753,23884,11446
2018-02-02,7,0,0,41760,23884,11446
2018-02-03,6,1,1,41766,23885,11447
2018-02-04,9,1,0,41775,23886,11447
2018-02-05,7,0,0,41782,23886,11447
2018-02-06,1,0,0,41783,23886,11447
2018-02-07,4,0,0,41787,23886,11447
2018-02-08,4,0,0,41791,23886,11447
2018-02-09,3,0,0,41794,23886,11447
2018-02-10,6,0,0,41800,23886,11447
2018-02-11,3,0,0,41803,23886,11447
2018-02-12,3,0,0,41806,23886,11447
2018-02-13,4,0,0,41810,23886,11447
2018-02-14,7,1,0,41817,23887,11447
2018-02-15,0,0,0,41817,23887,11447
2018-02-16,1,0,0,41818,23887,11447
2018-02-17,5,1,0,41823,23888,11447
2018-02-18,5,0,0,41828,23888,11447
2018-02-19,3,1,1,41831,23889,11448
2018-02-20,3,0,0,41834,23889,11448
2018-02-21,5,1,1,41839,23890,11449
2018-02-22,2,0,0,41841,23890,11449
2018-02-23,4,0,0,41845,23890,11449
2018-02-24,5,0,0,41850,23890,11449
2018-02-25,3,0,0,41853,23890,11449
2018-02-26,5,0,0,41858,23890,11449
2018-02-27,6,0,0,41864,23890,11449
2018-02-28,2,0,0,41866,23890,11449
2018-03-01,7,0,0,41873,23890,11449
2018-03-02,6,1,1,41879,23891,11450
2018-03-03,7,1,1,41886,23892,11451
2018-03-04,9,0,0,41895,23892,11451
2018-03-05,9,0,0,41904,23892,11451
2018-03-06,10,2,2,41914,23894,11453
2018-03-07,2,0,0,41916,23894,11453
2018-03-08,2,0,0,41918,23894,11453
2018-03-09,7,0,0,41925,23894,11453
2018-03-10,7,0,0,41932,23894,11453
2018-03-11,8,0,0,41940,23894,11453
2018-03-12,6,1,1,41946,23895,11454
2018-03-13,4,0,0,41950,23895,11454
2018-03-14,7,0,0,41957,23895,11454
2018-03-15,6,1,1,41963,23896,11455
2018-03-16,6,1,1,41969,23897,11456
2018-03-17,8,0,0,41977,23897,11456
2018-03-18,7,0,0,41984,23897,11456
2018-03-19,4,0,0,41988,23897,11456
2018-03-20,5,1,1,41993,23898,11457
2018-03-21,5,0,0,41998,23898,11457
2018-03-22,6,0,0,42004,23898,11457
2018-03-23,9,0,0,42013,23898,11457
2018-03-24,6,1,1,42019,23899,11458
2018-03-25,8,1,1,42027,23900,11459
2018-03-26,3,0,0,42030,23900,11459
2018-03-27,5,1,1,42035,23901,11460
2018-03-28,7,0,0,42042,23901,11460
2018-03-29,3,0,0,42045,23901,11460
2018-03-30,5,0,0,42050,23901,11460
2018-03-31,10,0,0,42060,23901,11460
2018-04-01,8,1,1,42068,23902,11461
2018-04-02,16,1,1,42084,23903,11462
2018-04-03,8,1,1,42092,23904,11463
2018-04-04,7,2,2,42099,23906,11465
2018-04-05,4,0,0,42103,23906,11465
2018-04-06,13,1,1,42116,23907,11466
2018-04-07,12,0,0,42128,23907,11466
2018-04-08,14,0,0,42142,23907,11466
2018-04-09,19,5,4,42161,23912,11470
2018-04-10,13,0,0,42174,23912,11470
2018-04-11,12,0,0,42186,23912,11470
2018-04-12,16,3,3,42202,23915,11473
2018-04-13,5,0,0,42207,23915,11473
2018-04-14,15,2,1,42222,23917,11474
2018-04-15,10,0,0,42232,23917,11474
2018-04-16,12,0,0,42244,23917,11474
2018-04-17,16,2,1,42260,23919,11475
2018-04-18,12,3,2,42272,23922,11477
2018-04-19,9,1,0,42281,23923,11477
2018-04-20,7,0,0,42288,23923,11477
2018-04-21,6,0,0,42294,23923,11477
2018-04-22,11,1,1,42305,23924,11478
2018-04-23,11,3,2,42316,23927,11480
2018-04-24,14,2,2,42330,23929,11482
2018-04-25,4,0,0,42334,23929,11482
2018-04-26,6,2,2,42340,23931,11484
2018-04-27,7,1,1,42347,23932,11485
2018-04-28,9,1,1,42356,23933,11486
2018-04-29,8,0,0,42364,23933,11486
2018-04-30,13,2,1,42377,23935,11487
2018-05-01,15,3,2,42392,23938,11489
2018-05-02,8,2,2,42400,23940,11491
2018-05-03,6,2,1,42406,23942,11492
2018-05-04,11,3,3,42417,23945,11495
2018-05-05,9,0,0,42426,23945,11495
2018-05-06,13,1,1,42439,23946,11496
2018-05-07,11,1,1,42450,23947,11497
2018-05-08,8,2,2,42458,23949,11499
2018-05-09,10,1,0,42468,23950,11499
2018-05-10,6,1,1,42474,23951,11500
2018-05-11,3,0,0,42477,23951,11500
2018-05-12,5,1,1,42482,23952,11501
2018-05-13,6,2,1,42488,23954,11502
2018-05-14,8,0,0,42496,23954,11502
2018-05-15,4,1,1,42500,23955,11503
2018-05-16,9,0,0,42509,23955,11503
2018-05-17,1,0,0,42510,23955,11503
2018-05-18,2,0,0,42512,23955,11503
2018-05-19,3,0,0,42515,23955,11503
2018-05-20,5,2,2,42520,23957,11505
2018-05-21,5,1,0,42525,23958,11505
2018-05-22,3,0,0,42528,23958,11505
2018-05-23,3,0,0,42531,23958,11505
2018-05-24,8,1,1,42539,23959,11506
2018-05-25,2,0,0,42541,23959,11506
2018-05-26,4,0,0,42545,23959,11506
2018-05-27,2,0,0,42547,23959,11506
2018-05-28,5,0,0,42552,23959,11506
2018-05-29,5,1,1,42557,23960,11507
2018-05-30,2,0,0,42559,23960,11507
2018-05-31,1,0,0,42560,23960,11507
2018-06-01,3,0,0,42563,23960,11507
2018-06-02,3,0,0,42566,23960,11507
2018-06-03,0,0,0,42566,23960,11507
2018-06-04,3,2,2,42569,23962,11509
2018-06-05,1,0,0,42570,23962,11509
2018-06-06,2,0,0,42572,23962,11509
2018-06-07,1,0,0,42573,23962,11509
2018-06-08,3,1,1,42576,23963,11510
2018-06-09,4,1,1,42580,23964,11511
2018-06-10,5,1,1,42585,23965,11512
2018-06-11,1,0,0,42586,23965,11512
2018-06-12,1,1,1,42587,23966,11513
2018-06-13,2,0,0,42589,23966,11513
2018-06-14,3,0,0,42592,23966,11513
2018-06-15,4,0,0,42596,23966,11513
2018-06-16,0,0,0,42596,23966,11513
2018-06-17,6,0,0,42602,23966,11513
2018-06-18,1,0,0,42603,23966,11513
2018-06-19,2,0,0,42605,23966,11513
2018-06-20,5,1,1,42610,23967,11514
2018-06-21,6,0,0,42616,23967,11514
2018-06-22,3,0,0,42619,23967,11514
2018-06-23,4,1,1,42623,23968,11515
2018-06-24,4,0,0,42627,23968,11515
2018-06-25,9,0,0,42636,23968,11515
2018-06-26,1,0,0,42637,23968,11515
2018-06-27,5,0,0,42642,23968,11515
2018-06-28,4,0,0,42646,23968,11515
2018-06-29,7,0,0,42653,23968,11515
2018-06-30,9,0,0,42662,23968,11515
2018-07-01,9,1,1,42671,23969,11516
2018-07-02,6,0,0,42677,23969,11516
2018-07-03,6,0,0,42683,23969,11516
2018-07-04,4,0,0,42687,23969,11516
2018-07-05,6,0,0,42693,23969,11516
2018-07-06,2,0,0,42695,23969,11516
2018-07-07,3,0,0,42698,23969,11516
2018-07-08,7,1,0,42705,23970,11516
2018-07-09,5,1,0,42710,23971,11516
2018-07-10,5,0,0,42715,23971,11516
2018-07-11,3,0,0,42718,23971,11516
2018-07-12,6,0,0,42724,23971,11516
2018-07-13,3,0,0,42727,23971,11516
2018-07-14,3,0,0,42730,23971,11516
2018-07-15,7,0,0,42737,23971,11516
2018-07-16,5,0,0,42742,23971,11516
2018-07-17,6,0,0,42748,23971,11516
2018-07-18,3,0,0,42751,23971,11516
2018-07-19,3,0,0,42754,23971,11516
2018-07-20,2,0,0,42756,23971,11516
2018-07-21,0,0,0,42756,23971,11516
2018-07-22,3,0,0,42759,23971,11516
2018-07-23,0,0,0,42759,23971,11516
2018-07-24,3,0,0,42762,23971,11516
2018-07-25,1,0,0,42763,23971,11516
2018-07-26,3,0,0,42766,23971,11516
2018-07-27,4,0,0,42770,23971,11516
2018-07-28,3,0,0,42773,23971,11516
2018-07-29,5,0,0,42778,23971,11516
2018-07-30,3,0,0,42781,23971,11516
2018-07-31,2,0,0,42783,23971,11516
2018-08-01,6,1,1,42789,23972,11517
2018-08-02,1,0,0,42790,23972,11517
2018-08-03,1,0,0,42791,23972,11517
2018-08-04,2,0,0,42793,23972,11517
2018-08-05,0,0,0,42793,23972,11517
2018-08-06,1,1,1,42794,23973,11518
2018-08-07,0,0,0,42794,23973,11518
2018-08-08,4,0,0,42798,23973,11518
2018-08-09,2,0,0,42800,23973,11518
2018-08-10,4,0,0,42804,23973,11518
2018-08-11,2,0,0,42806,23973,11518
2018-08-12,3,0,0,42809,23973,11518
2018-08-13,3,0,0,42812,23973,11518
2018-08-14,4,0,0,42816,23973,11518
2018-08-15,0,0,0,42816,23973,11518
2018-08-16,5,0,0,42821,23973,11518
2018-08-17,5,0,0,42826,23973,11518
2018-08-18,1,0,0,42827,23973,11518
2018-08-19,1,0,0,42828,23973,11518
2018-08-20,2,0,0,42830,23973,11518
2018-08-21,2,0,0,42832,23973,11518
2018-08-22,3,0,0,42835,23973,11518
2018-08-23,0,0,0,42835,23973,11518
2018-08-24,3,0,0,42838,23973,11518
2018-08-25,1,0,0,42839,23973,11518
2018-08-26,3,0,0,42842,23973,11518
2018-08-27,0,0,0,42842,23973,11518
2018-08-28,4,1,1,42846,23974,11519
2018-08-29,2,0,0,42848,23974,11519
2018-08-30,2,0,0,42850,23974,11519
2018-08-31,3,1,0,42853,23975,11519
2018-09-01,2,0,0,42855,23975,11519
2018-09-02,0,0,0,42855,23975,11519
2018-09-03,4,0,0,42859,23975,11519
2018-09-04,0,0,0,42859,23975,11519
2018-09-05,2,0,0,42861,23975,11519
2018-09-06,1,0,0,42862,23975,11519
2018-09-07,6,0,0,42868,23975,11519
2018-09-08,2,0,0,42870,23975,11519
2018-09-09,1,0,0,42871,23975,11519
2018-09-10,5,0,0,42876,23975,11519
2018-09-11,4,0,0,42880,23975,11519
2018-09-12,1,0,0,42881,23975,11519
2018-09-13,1,0,0,42882,23975,11519
2018-09-14,2,0,0,42884,23975,11519
2018-09-15,4,0,0,42888,23975,11519
2018-09-16,5,0,0,42893,23975,11519
2018-09-17,6,0,0,42899,23975,11519
2018-09-18,5,0,0,42904,23975,11519
2018-09-19,3,0,0,42907,23975,11519
2018-09-20,2,0,0,42909,23975,11519
2018-09-21,9,0,0,42918,23975,11519
2018-09-22,3,1,0,42921,23976,11519
2018-09-23,2,0,0,42923,23976,11519
2018-09-24,4,0,0,42927,23976,11519
2018-09-25,2,0,0,42929,23976,11519
2018-09-26,1,0,0,42930,23976,11519
2018-09-27,0,0,0,42930,23976,11519
2018-09-28,0,0,0,42930,23976,11519
2018-09-29,4,0,0,42934,23976,11519
2018-09-30,5,0,0,42939,23976,11519
2018-10-01,8,2,1,42947,23978,11520
2018-10-02,3,0,0,42950,23978,11520
2018-10-03,3,0,0,42953,23978,11520
2018-10-04,2,0,0,42955,23978,11520
2018-10-05,3,1,0,42958,23979,11520
2018-10-06,3,0,0,42961,23979,11520
2018-10-07,2,1,1,42963,23980,11521
2018-10-08,4,0,0,42967,23980,11521
2018-10-09,2,0,0,42969,23980,11521
2018-10-10,3,0,0,42972,23980,11521
2018-10-11,2,0,0,42974,23980,11521
2018-10-12,2,0,0,42976,23980,11521
2018-10-13,5,0,0,42981,23980,11521
2018-10-14,3,0,0,42984,23980,11521
2018-10-15,8,2,1,42992,23982,11522
2018-10-16,5,1,0,42997,23983,11522
2018-10-17,1,1,0,42998,23984,11522
2018-10-18,6,1,1,43004,23985,11523
2018-10-19,3,0,0,43007,23985,11523
2018-10-20,5,1,1,43012,23986,11524
2018-10-21,3,0,0,43015,23986,11524
2018-10-22,7,2,2,43022,23988,11526
2018-10-23,3,0,0,43025,23988,11526
2018-10-24,8,0,0,43033,23988,11526
2018-10-25,9,1,1,43042,23989,11527
2018-10-26,8,0,0,43050,23989,11527
2018-10-27,7,0,0,43057,23989,11527
2018-10-28,9,0,0,43066,23989,11527
2018-10-29,4,0,0,43070,23989,11527
2018-10-30,0,0,0,43070,23989,11527
2018-10-31,2,0,0,43072,23989,11527
2018-11-01,6,0,0,43078,23989,11527
2018-11-02,6,0,0,43084,23989,11527
2018-11-03,4,0,0,43088,23989,11527
2018-11-04,7,0,0,43095,23989,11527
2018-11-05,10,0,0,43105,23989,11527
2018-11-06,4,0,0,43109,23989,11527
2018-11-07,5,1,1,43114,23990,11528
2018-11-08,5,0,0,43119,23990,11528
2018-11-09,7,1,1,43126,23991,11529
2018-11-10,5,0,0,43131,23991,11529
2018-11-11,8,0,0,43139,23991,11529
2018-11-12,5,0,0,43144,23991,11529
2018-11-13,7,1,0,43151,23992,11529
2018-11-14,10,0,0,43161,23992,11529
2018-11-15,7,1,1,43168,23993,11530
2018-11-16,8,0,0,43176,23993,11530
2018-11-17,6,0,0,43182,23993,11530
2018-11-18,8,1,0,43190,23994,11530
2018-11-19,1,0,0,43191,23994,11530
2018-11-20,5,0,0,43196,23994,11530
2018-11-21,9,1,1,43205,23995,11531
2018-11-22,7,0,0,43212,23995,11531
2018-11-23,5,1,1,43217,23996,11532
2018-11-24,0,0,0,43217,23996,11532
2018-11-25,5,0,0,43222,23996,11532
2018-11-26,4,0,0,43226,23996,11532
2018-11-27,1,0,0,43227,23996,11532
2018-11-28,12,1,0,43239,23997,11532
2018-11-29,6,0,0,43245,23997,11532
2018-11-30,1,0,0,43246,23997,11532
2018-12-01,6,0,0,43252,23997,11532
2018-12-02,6,1,0,43258,23998,11532
2018-12-03,11,3,2,43269,24001,11534
2018-12-04,9,1,0,43278,24002,11534
2018-12-05,6,0,0,43284,24002,11534
2018-12-06,11,1,1,43295,24003,11535
2018-12-07,2,0,0,43297,24003,11535
2018-12-08,8,0,0,43305,24003,11535
2018-12-09,7,0,0,43312,24003,11535
2018-12-10,5,0,0,43317,24003,11535
2018-12-11,9,1,1,43326,24004,11536
2018-12-12,4,0,0,43330,24004,11536
2018-12-13,4,0,0,43334,24004,11536
2018-12-14,2,0,0,43336,24004,11536
2018-12-15,9,0,0,43345,24004,11536
2018-12-16,8,1,0,43353,24005,11536
2018-12-17,6,1,1,43359,24006,11537
2018-12-18,6,0,0,43365,24006,11537
2018-12-19,4,0,0,43369,24006,11537
2018-12-20,2,0,0,43371,24006,11537
2018-12-21,4,0,0,43375,24006,11537
2018-12-22,4,1,0,43379,24007,11537
2018-12-23,2,0,0,43381,24007,11537
2018-12-24,4,1,1,43385,24008,11538
2018-12-25,2,0,0,43387,24008,11538
2018-12-26,2,0,0,43389,24008,11538
2018-12-27,5,1,0,43394,24009,11538
2018-12-28,1,0,0,43395,24009,11538
2018-12-29,2,0,0,43397,24009,11538
2018-12-30,6,0,0,43403,24009,11538
2018-12-31,9,2,0,43412,24011,11538
2019-01-01,11,1,1,43423,24012,11539
2019-01-02,6,0,0,43429,24012,11539
2019-01-03,2,0,0,43431,24012,11539
2019-01-04,9,0,0,43440,24012,11539
2019-01-05,19,3,2,43459,24015,11541
2019-01-06,6,1,1,43465,24016,11542
2019-01-07,8,1,1,43473,24017,11543
2019-01-08,11,2,0,43484,24019,11543
2019-01-09,7,1,0,43491,24020,11543
2019-01-10,3,0,0,43494,24020,11543
2019-01-11,8,0,0,43502,24020,11543
2019-01-12,7,2,0,43509,24022,11543
2019-01-13,9,0,0,43518,24022,11543
2019-01-14,9,1,1,43527,24023,11544
2019-01-15,4,0,0,43531,24023,11544
2019-01-16,9,0,0,43540,24023,11544
2019-01-17,11,2,0,43551,24025,11544
2019-01-18,7,1,0,43558,24026,11544
2019-01-19,13,0,0,43571,24026,11544
2019-01-20,9,0,0,43580,24026,11544
2019-01-21,13,0,0,43593,24026,11544
2019-01-22,7,0,0,43600,24026,11544
2019-01-23,9,2,0,43609,24028,11544
2019-01-24,5,0,0,43614,24028,11544
2019-01-25,4,0,0,43618,24028,11544
2019-01-26,12,2,1,43630,24030,11545
2019-01-27,6,1,0,43636,24031,11545
2019-01-28,16,1,0,43652,24032,11545
2019-01-29,8,1,0,43660,24033,11545
2019-01-30,11,2,2,43671,24035,11547
2019-01-31,5,0,0,43676,24035,11547
2019-02-01,18,8,7,43694,24043,11554
2019-02-02,8,3,2,43702,24046,11556
2019-02-03,10,1,1,43712,24047,11557
2019-02-04,15,2,1,43727,24049,11558
2019-02-05,13,1,0,43740,24050,11558
2019-02-06,21,3,3,43761,24053,11561
2019-02-07,6,0,0,43767,24053,11561
2019-02-08,19,3,1,43786,24056,11562
2019-02-09,9,1,0,43795,24057,11562
2019-02-10,11,2,2,43806,24059,11564
2019-02-11,17,1,1,43823,24060,11565
2019-02-12,22,2,1,43845,24062,11566
2019-02-13,8,4,2,43853,24066,11568
2019-02-14,5,2,2,43858,24068,11570
2019-02-15,23,4,2,43881,24072,11572
2019-02-16,10,0,0,43891,24072,11572
2019-02-17,11,1,1,43902,24073,11573
2019-02-18,16,5,3,43918,24078,11576
2019-02-19,10,2,1,43928,24080,11577
2019-02-20,13,4,3,43941,24084,11580
2019-02-21,13,1,1,43954,24085,11581
2019-02-22,16,5,4,43970,24090,11585
2019-02-23,20,1,1,43990,24091,11586
2019-02-24,16,4,1,44006,24095,11587
2019-02-25,18,5,5,44024,24100,11592
2019-02-26,21,3,2,44045,24103,11594
2019-02-27,18,7,6,44063,24110,11600
2019-02-28,12,1,1,44075,24111,11601
2019-03-01,10,4,4,44085,24115,11605
2019-03-02,15,4,4,44100,24119,11609
2019-03-03,22,1,1,44122,24120,11610
2019-03-04,16,4,3,44138,24124,11613
2019-03-05,15,3,3,44153,24127,11616
2019-03-06,18,3,2,44171,24130,11618
2019-03-07,18,5,5,44189,24135,11623
2019-03-08,10,1,1,44199,24136,11624
2019-03-09,19,6,5,44218,24142,11629
2019-03-10,28,5,1,44246,24147,11630
2019-03-11,14,3,3,44260,24150,11633
2019-03-12,22,5,5,44282,24155,11638
2019-03-13,16,5,4,44298,24160,11642
2019-03-14,20,5,3,44318,24165,11645
2019-03-15,30,9,7,44348,24174,11652
2019-03-16,30,12,8,44378,24186,11660
2019-03-17,40,12,12,44418,24198,11672
2019-03-18,36,16,14,44454,24214,11686
2019-03-19,32,10,8,44486,24224,11694
2019-03-20,28,7,6,44514,24231,11700
2019-03-21,37,15,12,44551,24246,11712
2019-03-22,39,9,9,44590,24255,11721
2019-03-23,37,13,12,44627,24268,11733
2019-03-24,41,14,10,44668,24282,11743
2019-03-25,55,13,12,44723,24295,11755
2019-03-26,56,21,18,44779,24316,11773
2019-03-27,37,12,12,44816,24328,11785
2019-03-28,40,16,16,44856,24344,11801
2019-03-29,46,13,13,44902,24357,11814
2019-03-30,52,10,10,44954,24367,11824
2019-03-31,61,20,18,45015,24387,11842
2019-04-01,55,13,13,45070,24400,11855
2019-04-02,64,25,25,45134,24425,11880
2019-04-03,79,21,21,45213,24446,11901
2019-04-04,68,19,18,45281,24465,11919
2019-04-05,59,20,19,45340,24485,11938
2019-04-06,54,27,24,45394,24512,11962
2019-04-07,54,16,16,45448,24528,11978
2019-04-08,97,24,22,45545,24552,12000
2019-04-09,69,18,17,45614,24570,12017
2019-04-10,54,11,11,45668,24581,12028
2019-04-11,64,24,23,45732,24605,12051
2019-04-12,51,20,19,45783,24625,12070
2019-04-13,57,20,19,45840,24645,12089
2019-04-14,70,26,23,45910,24671,12112
2019-04-15,87,25,23,45997,24696,12135
2019-04-16,71,32,27,46068,24728,12162
2019-04-17,89,31,29,46157,24759,12191
2019-04-18,72,28,27,46229,24787,12218
2019-04-19,89,26,23,46318,24813,12241
2019-04-20,88,37,35,46406,24850,12276
2019-04-21,97,32,29,46503,24882,12305
2019-04-22,102,39,34,46605,24921,12339
2019-04-23,115,44,33,46720,24965,12372
2019-04-24,84,43,35,46804,25008,12407
2019-04-25,95,46,22,46899,25054,12429
2019-04-26,78,43,29,46977,25097,12458
2019-04-27,74,29,21,47051,25126,12479
2019-04-28,63,38,28,47114,25164,12507
2019-04-29,68,35,21,47182,25199,12528
2019-04-30,91,40,28,47273,25239,12556
2019-05-01,103,41,25,47376,25280,12581
2019-05-02,88,33,16,47464,25313,12597
2019-05-03,118,42,22,47582,25355,12619
2019-05-04,94,38,27,47676,25393,12646
2019-05-05,116,52,25,47792,25445,12671
2019-05-06,120,56,30,47912,25501,12701
2019-05-07,110,57,24,48022,25558,12725
2019-05-08,121,64,20,48143,25622,12745
2019-05-09,107,59,27,48250,25681,12772
2019-05-10,96,46,17,48346,25727,12789
2019-05-11,85,51,13,48431,25778,12802
2019-05-12,105,64,27,48536,25842,12829
2019-05-13,106,63,22,48642,25905,12851
2019-05-14,110,56,16,48752,25961,12867
2019-05-15,97,51,19,48849,26012,12886
2019-05-16,102,55,23,48951,26067,12909
2019-05-17,112,51,26,49063,26118,12935
2019-05-18,103,36,16,49166,26154,12951
2019-05-19,104,34,16,49270,26188,12967
2019-05-20,109,51,26,49379,26239,12993
2019-05-21,98,40,18,49477,26279,13011
2019-05-22,92,36,18,49569,26315,13029
2019-05-23,70,38,18,49639,26353,13047
2019-05-24,79,42,11,49718,26395,13058
2019-05-25,75,36,9,49793,26431,13067
2019-05-26,109,57,7,49902,26488,13074
2019-05-27,104,57,9,50006,26545,13083
2019-05-28,89,39,6,50095,26584,13089
2019-05-29,76,30,10,50171,26614,13099
2019-05-30,57,13,7,50228,26627,13106
2019-05-31,62,7,7,50290,26634,13113
2019-06-01,55,12,8,50345,26646,13121
2019-06-02,90,15,14,50435,26661,13135
2019-06-03,86,14,6,50521,26675,13141
2019-06-04,58,11,7,50579,26686,13148
2019-06-05,72,15,10,50651,26701,13158
2019-06-06,59,7,4,50710,26708,13162
2019-06-07,60,8,1,50770,26716,13163
2019-06-08,76,19,8,50846,26735,13171
2019-06-09,73,21,8,50919,26756,13179
2019-06-10,77,16,7,50996,26772,13186
2019-06-11,65,11,5,51061,26783,13191
2019-06-12,90,17,4,51151,26800,13195
2019-06-13,51,11,4,51202,26811,13199
2019-06-14,45,16,4,51247,26827,13203
2019-06-15,47,13,5,51294,26840,13208
2019-06-16,38,8,4,51332,26848,13212
2019-06-17,57,16,4,51389,26864,13216
2019-06-18,33,9,2,51422,26873,13218
2019-06-19,33,10,5,51455,26883,13223
2019-06-20,43,19,7,51498,26902,13230
2019-06-21,46,13,7,51544,26915,13237
2019-06-22,46,16,6,51590,26931,13243
2019-06-23,42,10,3,51632,26941,13246
2019-06-24,33,7,4,51665,26948,13250
2019-06-25,27,8,2,51692,26956,13252
2019-06-26,48,15,4,51740,26971,13256
2019-06-27,38,8,3,51778,26979,13259
2019-06-28,45,8,3,51823,26987,13262
2019-06-29,24,6,2,51847,26993,13264
2019-06-30,25,10,6,51872,27003,13270
2019-07-01,37,9,1,51909,27012,13271
2019-07-02,26,8,3,51935,27020,13274
2019-07-03,7,4,3,51942,27024,13277
2019-07-04,22,8,5,51964,27032,13282
2019-07-05,16,9,2,51980,27041,13284
2019-07-06,9,2,1,51989,27043,13285
2019-07-07,23,11,1,52012,27054,13286
2019-07-08,20,4,1,52032,27058,13287
2019-07-09,18,4,1,52050,27062,13288
2019-07-10,16,4,1,52066,27066,13289
2019-07-11,13,2,0,52079,27068,13289
2019-07-12,12,6,0,52091,27074,13289
2019-07-13,17,3,1,52108,27077,13290
2019-07-14,13,4,0,52121,27081,13290
2019-07-15,6,1,0,52127,27082,13290
2019-07-16,10,2,2,52137,27084,13292
2019-07-17,15,3,1,52152,27087,13293
2019-07-18,18,3,0,52170,27090,13293
2019-07-19,7,4,3,52177,27094,13296
2019-07-20,15,3,1,52192,27097,13297
2019-07-21,16,3,2,52208,27100,13299
2019-07-22,10,1,1,52218,27101,13300
2019-07-23,6,2,0,52224,27103,13300
2019-07-24,12,3,0,52236,27106,13300
2019-07-25,5,0,0,52241,27106,13300
2019-07-26,8,5,1,52249,27111,13301
2019-07-27,8,1,0,52257,27112,13301
2019-07-28,8,0,0,52265,27112,13301
2019-07-29,8,1,0,52273,27113,13301
2019-07-30,14,1,1,52287,27114,13302
2019-07-31,7,0,0,52294,27114,13302
2019-08-01,8,1,0,52302,27115,13302
2019-08-02,3,0,0,52305,27115,13302
2019-08-03,7,1,0,52312,27116,13302
2019-08-04,7,2,2,52319,27118,13304
2019-08-05,7,0,0,52326,27118,13304
2019-08-06,12,1,0,52338,27119,13304
2019-08-07,8,0,0,52346,27119,13304
2019-08-08,5,2,2,52351,27121,13306
2019-08-09,4,2,1,52355,27123,13307
2019-08-10,11,2,1,52366,27125,13308
2019-08-11,11,1,0,52377,27126,13308
2019-08-12,6,1,0,52383,27127,13308
2019-08-13,7,3,2,52390,27130,13310
2019-08-14,8,3,2,52398,27133,13312
2019-08-15,7,5,1,52405,27138,13313
2019-08-16,6,3,0,52411,27141,13313
2019-08-17,12,5,0,52423,27146,13313
2019-08-18,8,1,0,52431,27147,13313
2019-08-19,12,5,0,52443,27152,13313
2019-08-20,16,5,0,52459,27157,13313
2019-08-21,10,3,0,52469,27160,13313
2019-08-22,3,1,0,52472,27161,13313
2019-08-23,9,5,0,52481,27166,13313
2019-08-24,8,2,1,52489,27168,13314
2019-08-25,14,3,2,52503,27171,13316
2019-08-26,14,3,1,52517,27174,13317
2019-08-27,16,5,2,52533,27179,13319
2019-08-28,13,3,0,52546,27182,13319
2019-08-29,9,1,0,52555,27183,13319
2019-08-30,10,6,2,52565,27189,13321
2019-08-31,8,5,2,52573,27194,13323
2019-09-01,10,3,1,52583,27197,13324
2019-09-02,11,4,0,52594,27201,13324
2019-09-03,2,0,0,52596,27201,13324
2019-09-04,13,3,0,52609,27204,13324
2019-09-05,9,3,1,52618,27207,13325
2019-09-06,13,4,1,52631,27211,13326
2019-09-07,7,2,0,52638,27213,13326
2019-09-08,9,3,0,52647,27216,13326
2019-09-09,14,0,0,52661,27216,13326
2019-09-10,15,6,1,52676,27222,13327
2019-09-11,11,5,3,52687,27227,13330
2019-09-12,9,2,0,52696,27229,13330
2019-09-13,7,2,0,52703,27231,13330
2019-09-14,10,3,1,52713,27234,13331
2019-09-15,12,4,0,52725,27238,13331
2019-09-16,12,4,0,52737,27242,13331
2019-09-17,9,3,0,52746,27245,13331
2019-09-18,7,2,0,52753,27247,13331
2019-09-19,9,4,0,52762,27251,13331
2019-09-20,10,5,1,52772,27256,13332
2019-09-21,8,3,2,52780,27259,13334
2019-09-22,15,2,0,52795,27261,13334
2019-09-23,21,5,0,52816,27266,13334
2019-09-24,22,7,2,52838,27273,13336
2019-09-25,6,2,1,52844,27275,13337
2019-09-26,11,3,0,52855,27278,13337
2019-09-27,12,4,0,52867,27282,13337
2019-09-28,18,12,3,52885,27294,13340
2019-09-29,11,5,1,52896,27299,13341
2019-09-30,16,4,1,52912,27303,13342
2019-10-01,34,7,1,52946,27310,13343
2019-10-02,18,2,0,52964,27312,13343
2019-10-03,17,6,0,52981,27318,13343
2019-10-04,13,3,0,52994,27321,13343
2019-10-05,13,2,0,53007,27323,13343
2019-10-06,13,7,0,53020,27330,13343
2019-10-07,14,4,0,53034,27334,13343
2019-10-08,15,4,0,53049,27338,13343
2019-10-09,20,6,0,53069,27344,13343
2019-10-10,17,3,0,53086,27347,13343
2019-10-11,15,4,1,53101,27351,13344
2019-10-12,25,5,0,53126,27356,13344
2019-10-13,16,5,0,53142,27361,13344
2019-10-14,25,7,1,53167,27368,13345
2019-10-15,25,11,2,53192,27379,13347
2019-10-16,23,5,0,53215,27384,13347
2019-10-17,25,11,0,53240,27395,13347
2019-10-18,17,7,0,53257,27402,13347
2019-10-19,12,6,1,53269,27408,13348
2019-10-20,36,17,1,53305,27425,13349
2019-10-21,28,5,0,53333,27430,13349
2019-10-22,18,7,0,53351,27437,13349
2019-10-23,26,13,1,53377,27450,13350
2019-10-24,29,12,2,53406,27462,13352
2019-10-25,27,5,0,53433,27467,13352
2019-10-26,15,3,0,53448,27470,13352
2019-10-27,19,4,0,53467,27474,13352
2019-10-28,22,7,0,53489,27481,13352
2019-10-29,20,7,1,53509,27488,13353
2019-10-30,31,4,0,53540,27492,13353
2019-10-31,21,6,0,53561,27498,13353
2019-11-01,26,9,0,53587,27507,13353
2019-11-02,15,4,0,53602,27511,13353
2019-11-03,15,7,0,53617,27518,13353
2019-11-04,32,8,1,53649,27526,13354
2019-11-05,19,6,0,53668,27532,13354
2019-11-06,15,3,0,53683,27535,13354
2019-11-07,36,13,2,53719,27548,13356
2019-11-08,17,5,0,53736,27553,13356
2019-11-09,38,13,1,53774,27566,13357
2019-11-10,25,8,1,53799,27574,13358
2019-11-11,33,10,1,53832,27584,13359
2019-11-12,25,4,0,53857,27588,13359
2019-11-13,31,6,0,53888,27594,13359
2019-11-14,21,2,0,53909,27596,13359
2019-11-15,15,6,0,53924,27602,13359
2019-11-16,17,4,1,53941,27606,13360
2019-11-17,35,12,1,53976,27618,13361
2019-11-18,27,12,0,54003,27630,13361
2019-11-19,38,21,0,54041,27651,13361
2019-11-20,24,7,0,54065,27658,13361
2019-11-21,20,7,2,54085,27665,13363
2019-11-22,23,6,1,54108,27671,13364
2019-11-23,19,7,0,54127,27678,13364
2019-11-24,21,9,1,54148,27687,13365
2019-11-25,35,14,2,54183,27701,13367
2019-11-26,21,6,1,54204,27707,13368
2019-11-27,29,9,2,54233,27716,13370
2019-11-28,24,9,2,54257,27725,13372
2019-11-29,14,8,0,54271,27733,13372
2019-11-30,15,5,0,54286,27738,13372
2019-12-01,26,10,2,54312,27748,13374
2019-12-02,28,11,2,54340,27759,13376
2019-12-03,31,11,2,54371,27770,13378
2019-12-04,22,9,7,54393,27779,13385
2019-12-05,29,8,1,54422,27787,13386
2019-12-06,20,9,3,54442,27796,13389
2019-12-07,17,9,0,54459,27805,13389
2019-12-08,17,6,0,54476,27811,13389
2019-12-09,25,11,3,54501,27822,13392
2019-12-10,33,12,1,54534,27834,13393
2019-12-11,27,14,2,54561,27848,13395
2019-12-12,26,11,2,54587,27859,13397
2019-12-13,33,17,8,54620,27876,13405
2019-12-14,21,11,3,54641,27887,13408
2019-12-15,16,6,1,54657,27893,13409
2019-12-16,23,13,3,54680,27906,13412
2019-12-17,31,15,1,54711,27921,13413
2019-12-18,18,11,4,54729,27932,13417
2019-12-19,26,10,1,54755,27942,13418
2019-12-20,18,6,1,54773,27948,13419
2019-12-21,22,8,3,54795,27956,13422
2019-12-22,13,5,0,54808,27961,13422
2019-12-23,22,7,1,54830,27968,13423
2019-12-24,15,7,1,54845,27975,13424
2019-12-25,23,7,1,54868,27982,13425
2019-12-26,27,14,1,54895,27996,13426
2019-12-27,36,18,2,54931,28014,13428
2019-12-28,23,7,1,54954,28021,13429
2019-12-29,19,9,2,54973,28030,13431
2019-12-30,20,13,3,54993,28043,13434
2019-12-31,14,10,4,55007,28053,13438
2020-01-01,32,15,6,55039,28068,13444
2020-01-02,39,17,2,55078,28085,13446
2020-01-03,30,18,2,55108,28103,13448
2020-01-04,36,21,3,55144,28124,13451
2020-01-05,44,25,5,55188,28149,13456
2020-01-06,37,26,2,55225,28175,13458
2020-01-07,31,15,1,55256,28190,13459
2020-01-08,46,28,7,55302,28218,13466
2020-01-09,24,14,4,55326,28232,13470
2020-01-10,43,29,4,55369,28261,13474
2020-01-11,29,20,2,55398,28281,13476
2020-01-12,42,30,4,55440,28311,13480
2020-01-13,35,24,2,55475,28335,13482
2020-01-14,59,40,6,55534,28375,13488
2020-01-15,44,27,5,55578,28402,13493
2020-01-16,43,23,5,55621,28425,13498
2020-01-17,35,25,4,55656,28450,13502
2020-01-18,67,42,6,55723,28492,13508
2020-01-19,58,38,12,55781,28530,13520
2020-01-20,62,39,1,55843,28569,13521
2020-01-21,67,53,14,55910,28622,13535
2020-01-22,84,65,10,55994,28687,13545
2020-01-23,67,52,10,56061,28739,13555
2020-01-24,87,64,9,56148,28803,13564
2020-01-25,79,58,7,56227,28861,13571
2020-01-26,104,82,6,56331,28943,13577
2020-01-27,92,76,10,56423,29019,13587
2020-01-28,112,91,0,56535,29110,13587
2020-01-29,77,53,3,56612,29163,13590
2020-01-30,89,73,11,56701,29236,13601
2020-01-31,83,58,11,56784,29294,13612
2020-02-01,155,132,16,56939,29426,13628
2020-02-02,116,97,18,57055,29523,13646
2020-02-03,156,139,13,57211,29662,13659
2020-02-04,120,102,9,57331,29764,13668
2020-02-05,147,130,13,57478,29894,13681
2020-02-06,136,117,14,57614,30011,13695
2020-02-07,174,156,14,57788,30167,13709
2020-02-08,141,130,13,57929,30297,13722
2020-02-09,214,189,8,58143,30486,13730
2020-02-10,265,242,26,58408,30728,13756
2020-02-11,257,224,17,58665,30952,13773
2020-02-12,211,185,17,58876,31137,13790
2020-02-13,241,218,15,59117,31355,13805
2020-02-14,238,210,16,59355,31565,13821
2020-02-15,246,232,17,59601,31797,13838
2020-02-16,231,211,14,59832,32008,13852
2020-02-17,336,311,18,60168,32319,13870
2020-02-18,259,240,9,60427,32559,13879
2020-02-19,325,297,15,60752,32856,13894
2020-02-20,262,238,8,61014,33094,13902
2020-02-21,302,273,15,61316,33367,13917
2020-02-22,223,214,9,61539,33581,13926
2020-02-23,371,357,14,61910,33938,13940
2020-02-24,317,300,15,62227,34238,13955
2020-02-25,335,320,11,62562,34558,13966
2020-02-26,407,383,14,62969,34941,13980
2020-02-27,379,365,15,63348,35306,13995
2020-02-28,427,410,14,63775,35716,14009
2020-02-29,345,339,24,64120,36055,14033
2020-03-01,440,421,8,64560,36476,14041
2020-03-02,471,454,11,65031,36930,14052
2020-03-03,428,417,11,65459,37347,14063
2020-03-04,396,386,12,65855,37733,14075
2020-03-05,410,382,2,66265,38115,14077
2020-03-06,407,391,5,66672,38506,14082
2020-03-07,329,317,5,67001,38823,14087
2020-03-08,379,371,9,67380,39194,14096
2020-03-09,458,447,7,67838,39641,14103
2020-03-10,423,407,7,68261,40048,14110
2020-03-11,360,348,5,68621,40396,14115
2020-03-12,351,338,9,68972,40734,14124
2020-03-13,316,309,6,69288,41043,14130
2020-03-14,322,308,5,69610,41351,14135
2020-03-15,318,313,6,69928,41664,14141
2020-03-16,357,350,5,70285,42014,14146
2020-03-17,288,285,1,70573,42299,14147
2020-03-18,215,211,3,70788,42510,14150
2020-03-19,222,220,6,71010,42730,14156
2020-03-20,231,227,4,71241,42957,14160
2020-03-21,181,179,5,71422,43136,14165
2020-03-22,223,220,7,71645,43356,14172
2020-03-23,195,188,4,71840,43544,14176
2020-03-24,178,174,7,72018,43718,14183
2020-03-25,198,197,2,72216,43915,14185
2020-03-26,195,192,3,72411,44107,14188
2020-03-27,205,201,7,72616,44308,14195
2020-03-28,217,208,9,72833,44516,14204
2020-03-29,231,228,6,73064,44744,14210
2020-03-30,219,210,5,73283,44954,14215
2020-03-31,155,149,2,73438,45103,14217
2020-04-01,196,188,7,73634,45291,14224
2020-04-02,139,135,5,73773,45426,14229
2020-04-03,150,142,4,73923,45568,14233
2020-04-04,157,154,7,74080,45722,14240
2020-04-05,186,178,7,74266,45900,14247
2020-04-06,154,151,8,74420,46051,14255
2020-04-07,106,101,1,74526,46152,14256
2020-04-08,137,131,7,74663,46283,14263
2020-04-09,102,99,4,74765,46382,14267
2020-04-10,118,103,8,74883,46485,14275
2020-04-11,115,112,4,74998,46597,14279
2020-04-12,102,95,1,75100,46692,14280
2020-04-13,119,112,5,75219,46804,14285
2020-04-14,80,70,3,75299,46874,14288
2020-04-15,74,57,4,75373,46931,14292
2020-04-16,82,66,1,75455,46997,14293
2020-04-17,101,69,6,75556,47066,14299
2020-04-18,87,46,7,75643,47112,14306
2020-04-19,109,36,2,75752,47148,14308
2020-04-20,82,29,2,75834,47177,14310
2020-04-21,77,20,0,75911,47197,14310
2020-04-22,72,26,1,75983,47223,14311
2020-04-23,92,26,4,76075,47249,14315
2020-04-24,95,27,6,76170,47276,14321
2020-04-25,76,18,4,76246,47294,14325
2020-04-26,92,20,6,76338,47314,14331
2020-04-27,105,25,8,76443,47339,14339
2020-04-28,68,15,6,76511,47354,14345
2020-04-29,65,10,3,76576,47364,14348
2020-04-30,66,26,8,76642,47390,14356
2020-05-01,86,16,5,76728,47406,14361
2020-05-02,74,21,8,76802,47427,14369
2020-05-03,70,11,4,76872,47438,14373
2020-05-04,83,24,10,76955,47462,14383
2020-05-05,58,12,4,77013,47474,14387
2020-05-06,59,11,4,77072,47485,14391
2020-05-07,50,15,5,77122,47500,14396
2020-05-08,59,12,5,77181,47512,14401
2020-05-09,49,6,3,77230,47518,14404
2020-05-10,60,5,1,77290,47523,14405
2020-05-11,52,9,1,77342,47532,14406
2020-05-12,32,6,4,77374,47538,14410
2020-05-13,28,7,1,77402,47545,14411
2020-05-14,38,10,2,77440,47555,14413
2020-05-15,44,10,0,77484,47565,14413
2020-05-16,32,11,5,77516,47576,14418
2020-05-17,44,8,0,77560,47584,14418
2020-05-18,39,10,0,77599,47594,14418
2020-05-19,24,4,0,77623,47598,14418
2020-05-20,32,4,0,77655,47602,14418
2020-05-21,25,9,3,77680,47611,14421
2020-05-22,19,6,1,77699,47617,14422
2020-05-23,20,5,2,77719,47622,14424
2020-05-24,14,1,0,77733,47623,14424
2020-05-25,22,6,1,77755,47629,14425
2020-05-26,23,6,0,77778,47635,14425
2020-05-27,24,5,0,77802,47640,14425
2020-05-28,22,3,0,77824,47643,14425
2020-05-29,25,6,0,77849,47649,14425
2020-05-30,14,1,0,77863,47650,14425
2020-05-31,10,4,1,77873,47654,14426
2020-06-01,22,5,0,77895,47659,14426
2020-06-02,12,3,0,77907,47662,14426
2020-06-03,15,6,0,77922,47668,14426
2020-06-04,13,3,0,77935,47671,14426
2020-06-05,14,0,0,77949,47671,14426
2020-06-06,11,1,0,77960,47672,14426
2020-06-07,13,1,1,77973,47673,14427
2020-06-08,22,7,0,77995,47680,14427
2020-06-09,14,8,0,78009,47688,14427
2020-06-10,16,4,1,78025,47692,14428
2020-06-11,16,6,1,78041,47698,14429
2020-06-12,14,2,1,78055,47700,14430
2020-06-13,14,2,0,78069,47702,14430
2020-06-14,22,2,1,78091,47704,14431
2020-06-15,31,5,0,78122,47709,14431
2020-06-16,20,4,1,78142,47713,14432
2020-06-17,27,7,1,78169,47720,14433
2020-06-18,20,5,2,78189,47725,14435
2020-06-19,25,5,0,78214,47730,14435
2020-06-20,25,5,1,78239,47735,14436
2020-06-21,17,6,0,78256,47741,14436
2020-06-22,26,7,1,78282,47748,14437
2020-06-23,18,5,0,78300,47753,14437
2020-06-24,13,3,1,78313,47756,14438
2020-06-25,11,1,0,78324,47757,14438
2020-06-26,15,4,1,78339,47761,14439
2020-06-27,10,2,0,78349,47763,14439
2020-06-28,12,3,0,78361,47766,14439
2020-06-29,3,0,0,78364,47766,14439
2020-06-30,5,4,2,78369,47770,14441
2020-07-01,6,1,1,78375,47771,14442
2020-07-02,6,1,0,78381,47772,14442
2020-07-03,6,5,0,78387,47777,14442
2020-07-04,12,5,0,78399,47782,14442
2020-07-05,11,1,0,78410,47783,14442
2020-07-06,9,3,0,78419,47786,14442
2020-07-07,10,4,0,78429,47790,14442
2020-07-08,8,4,0,78437,47794,14442
2020-07-09,7,0,0,78444,47794,14442
2020-07-10,10,3,0,78454,47797,14442
2020-07-11,6,2,0,78460,47799,14442
2020-07-12,12,3,0,78472,47802,14442
2020-07-13,11,2,1,78483,47804,14443
2020-07-14,6,2,1,78489,47806,14444
2020-07-15,6,1,0,78495,47807,14444
2020-07-16,7,1,0,78502,47808,14444
2020-07-17,15,1,0,78517,47809,14444
2020-07-18,5,3,0,78522,47812,14444
2020-07-19,12,1,0,78534,47813,14444
2020-07-20,18,4,0,78552,47817,14444
2020-07-21,4,1,0,78556,47818,14444
2020-07-22,7,2,0,78563,47820,14444
2020-07-23,7,0,0,78570,47820,14444
2020-07-24,10,4,0,78580,47824,14444
2020-07-25,2,0,0,78582,47824,14444
2020-07-26,8,4,0,78590,47828,14444
2020-07-27,8,3,0,78598,47831,14444
2020-07-28,17,8,0,78615,47839,14444
2020-07-29,7,3,0,78622,47842,14444
2020-07-30,11,2,0,78633,47844,14444
2020-07-31,6,3,0,78639,47847,14444
2020-08-01,13,2,0,78652,47849,14444
2020-08-02,10,3,0,78662,47852,14444
2020-08-03,7,0,0,78669,47852,14444
2020-08-04,11,1,0,78680,47853,14444
2020-08-05,13,3,0,78693,47856,14444
2020-08-06,7,1,0,78700,47857,14444
2020-08-07,11,4,0,78711,47861,14444
2020-08-08,7,2,0,78718,47863,14444
2020-08-09,8,0,0,78726,47863,14444
2020-08-10,10,2,0,78736,47865,14444
2020-08-11,5,1,0,78741,47866,14444
2020-08-12,10,1,0,78751,47867,14444
2020-08-13,7,1,0,78758,47868,14444
2020-08-14,7,0,0,78765,47868,14444
2020-08-15,7,2,0,78772,47870,14444
2020-08-16,6,2,0,78778,47872,14444
2020-08-17,13,3,0,78791,47875,14444
2020-08-18,5,2,0,78796,47877,14444
2020-08-19,11,0,0,78807,47877,14444
2020-08-20,5,0,0,78812,47877,14444
2020-08-21,7,1,0,78819,47878,14444
2020-08-22,5,1,0,78824,47879,14444
2020-08-23,10,2,0,78834,47881,14444
2020-08-24,13,3,0,78847,47884,14444
2020-08-25,13,0,0,78860,47884,14444
2020-08-26,7,0,0,78867,47884,14444
2020-08-27,11,0,0,78878,47884,14444
2020-08-28,11,0,0,78889,47884,14444
2020-08-29,9,3,0,78898,47887,14444
2020-08-30,12,1,0,78910,47888,14444
2020-08-31,10,2,0,78920,47890,14444
2020-09-01,11,1,0,78931,47891,14444
2020-09-02,10,0,0,78941,47891,14444
2020-09-03,12,2,1,78953,47893,14445
2020-09-04,7,1,0,78960,47894,14445
2020-09-05,6,1,0,78966,47895,14445
2020-09-06,3,0,0,78969,47895,14445
2020-09-07,9,1,0,78978,47896,14445
2020-09-08,16,2,1,78994,47898,14446
2020-09-09,13,2,0,79007,47900,14446
2020-09-10,17,0,0,79024,47900,14446
2020-09-11,9,2,1,79033,47902,14447
2020-09-12,7,0,0,79040,47902,14447
2020-09-13,12,1,1,79052,47903,14448
2020-09-14,14,3,3,79066,47906,14451
2020-09-15,15,2,0,79081,47908,14451
2020-09-16,13,0,0,79094,47908,14451
2020-09-17,9,0,0,79103,47908,14451
2020-09-18,12,0,0,79115,47908,14451
2020-09-19,21,2,1,79136,47910,14452
2020-09-20,18,0,0,79154,47910,14452
2020-09-21,13,1,1,79167,47911,14453
2020-09-22,17,1,0,79184,47912,14453
2020-09-23,18,3,2,79202,47915,14455
2020-09-24,14,3,3,79216,47918,14458
2020-09-25,22,0,0,79238,47918,14458
2020-09-26,21,0,0,79259,47918,14458
2020-09-27,19,2,1,79278,47920,14459
2020-09-28,19,0,0,79297,47920,14459
2020-09-29,17,2,2,79314,47922,14461
2020-09-30,18,2,2,79332,47924,14463
2020-10-01,16,0,0,79348,47924,14463
2020-10-02,18,0,0,79366,47924,14463
2020-10-03,15,2,2,79381,47926,14465
2020-10-04,17,1,0,79398,47927,14465
2020-10-05,17,2,0,79415,47929,14465
2020-10-06,30,0,0,79445,47929,14465
2020-10-07,29,0,0,79474,47929,14465
2020-10-08,13,1,1,79487,47930,14466
2020-10-09,13,3,1,79500,47933,14467
2020-10-10,16,2,1,79516,47935,14468
2020-10-11,14,0,0,79530,47935,14468
2020-10-12,23,0,0,79553,47935,14468
2020-10-13,17,1,1,79570,47936,14469
2020-10-14,18,1,1,79588,47937,14470
2020-10-15,19,1,1,79607,47938,14471
2020-10-16,24,2,2,79631,47940,14473
2020-10-17,19,1,1,79650,47941,14474
2020-10-18,23,1,1,79673,47942,14475
2020-10-19,26,3,2,79699,47945,14477
2020-10-20,31,6,6,79730,47951,14483
2020-10-21,38,7,7,79768,47958,14490
2020-10-22,29,4,4,79797,47962,14494
2020-10-23,34,1,1,79831,47963,14495
2020-10-24,27,3,3,79858,47966,14498
2020-10-25,37,4,2,79895,47970,14500
2020-10-26,38,1,1,79933,47971,14501
2020-10-27,27,1,0,79960,47972,14501
2020-10-28,31,0,0,79991,47972,14501
2020-10-29,30,0,0,80021,47972,14501
2020-10-30,23,1,1,80044,47973,14502
2020-10-31,26,2,2,80070,47975,14504
2020-11-01,28,2,1,80098,47977,14505
2020-11-02,42,4,3,80140,47981,14508
2020-11-03,35,3,0,80175,47984,14508
2020-11-04,25,0,0,80200,47984,14508
2020-11-05,23,1,1,80223,47985,14509
2020-11-06,30,4,3,80253,47989,14512
2020-11-07,28,1,1,80281,47990,14513
2020-11-08,27,7,3,80308,47997,14516
2020-11-09,34,3,2,80342,48000,14518
2020-11-10,33,5,1,80375,48005,14519
2020-11-11,42,2,1,80417,48007,14520
2020-11-12,28,5,0,80445,48012,14520
2020-11-13,42,21,2,80487,48033,14522
2020-11-14,38,21,0,80525,48054,14522
2020-11-15,27,19,0,80552,48073,14522
2020-11-16,42,32,0,80594,48105,14522
2020-11-17,54,45,1,80648,48150,14523
2020-11-18,31,25,0,80679,48175,14523
2020-11-19,39,30,0,80718,48205,14523
2020-11-20,47,40,0,80765,48245,14523
2020-11-21,52,45,1,80817,48290,14524
2020-11-22,43,35,0,80860,48325,14524
2020-11-23,61,53,1,80921,48378,14525
2020-11-24,45,41,0,80966,48419,14525
2020-11-25,47,39,0,81013,48458,14525
2020-11-26,35,29,1,81048,48487,14526
2020-11-27,49,38,1,81097,48525,14527
2020-11-28,31,24,1,81128,48549,14528
2020-11-29,21,17,0,81149,48566,14528
2020-11-30,48,34,0,81197,48600,14528
2020-12-01,65,47,0,81262,48647,14528
2020-12-02,31,26,0,81293,48673,14528
2020-12-03,40,34,1,81333,48707,14529
2020-12-04,30,18,0,81363,48725,14529
2020-12-05,33,29,0,81396,48754,14529
2020-12-06,60,47,0,81456,48801,14529
2020-12-07,59,47,2,81515,48848,14531
2020-12-08,40,37,1,81555,48885,14532
2020-12-09,39,35,0,81594,48920,14532
2020-12-10,43,37,0,81637,48957,14532
2020-12-11,34,28,0,81671,48985,14532
2020-12-12,30,22,0,81701,49007,14532
2020-12-13,52,46,0,81753,49053,14532
2020-12-14,40,36,0,81793,49089,14532
2020-12-15,58,54,1,81851,49143,14533
2020-12-16,19,18,0,81870,49161,14533
2020-12-17,36,32,0,81906,49193,14533
2020-12-18,27,24,0,81933,49217,14533
2020-12-19,32,26,0,81965,49243,14533
2020-12-20,34,31,0,81999,49274,14533
2020-12-21,48,44,0,82047,49318,14533
2020-12-22,26,23,0,82073,49341,14533
2020-12-23,26,23,0,82099,49364,14533
2020-12-24,21,18,0,82120,49382,14533
2020-12-25,28,25,0,82148,49407,14533
2020-12-26,44,40,0,82192,49447,14533
2020-12-27,22,19,0,82214,49466,14533
2020-12-28,28,25,0,82242,49491,14533
2020-12-29,29,24,0,82271,49515,14533
2020-12-30,22,18,0,82293,49533,14533
2020-12-31,19,14,0,82312,49547,14533
2021-01-01,45,35,0,82357,49582,14533
2021-01-02,30,21,0,82387,49603,14533
2021-01-03,41,30,0,82428,49633,14533
2021-01-04,37,28,0,82465,49661,14533
2021-01-05,37,24,0,82502,49685,14533
2021-01-06,40,27,0,82542,49712,14533
2021-01-07,28,19,0,82570,49731,14533
2021-01-08,31,25,0,82601,49756,14533
2021-01-09,36,26,0,82637,49782,14533
2021-01-10,55,37,0,82692,49819,14533
2021-01-11,42,30,0,82734,49849,14533
2021-01-12,42,29,1,82776,49878,14534
2021-01-13,41,35,0,82817,49913,14534
2021-01-14,44,33,1,82861,49946,14535
2021-01-15,29,20,0,82890,49966,14535
2021-01-16,43,30,0,82933,49996,14535
2021-01-17,37,30,0,82970,50026,14535
2021-01-18,52,40,0,83022,50066,14535
2021-01-19,46,36,0,83068,50102,14535
2021-01-20,55,43,1,83123,50145,14536
2021-01-21,30,24,0,83153,50169,14536
2021-01-22,38,28,1,83191,50197,14537
2021-01-23,34,23,1,83225,50220,14538
2021-01-24,50,32,2,83275,50252,14540
2021-01-25,52,30,1,83327,50282,14541
2021-01-26,40,27,0,83367,50309,14541
2021-01-27,39,30,0,83406,50339,14541
2021-01-28,38,27,0,83444,50366,14541
2021-01-29,39,25,0,83483,50391,14541
2021-01-30,27,17,0,83510,50408,14541
2021-01-31,33,24,0,83543,50432,14541
2021-02-01,71,49,1,83614,50481,14542
2021-02-02,42,33,0,83656,50514,14542
2021-02-03,50,37,0,83706,50551,14542
2021-02-04,72,54,3,83778,50605,14545
2021-02-05,62,48,1,83840,50653,14546
2021-02-06,48,39,0,83888,50692,14546
2021-02-07,65,51,2,83953,50743,14548
2021-02-08,76,52,3,84029,50795,14551
2021-02-09,72,52,0,84101,50847,14551
2021-02-10,70,54,0,84171,50901,14551
2021-02-11,70,53,1,84241,50954,14552
2021-02-12,65,43,1,84306,50997,14553
2021-02-13,45,30,0,84351,51027,14553
2021-02-14,78,57,0,84429,51084,14553
2021-02-15,99,68,2,84528,51152,14555
2021-02-16,76,59,0,84604,51211,14555
2021-02-17,82,57,1,84686,51268,14556
2021-02-18,79,53,0,84765,51321,14556
2021-02-19,83,62,0,84848,51383,14556
2021-02-20,77,58,0,84925,51441,14556
2021-02-21,76,64,0,85001,51505,14556
2021-02-22,66,44,0,85067,51549,14556
2021-02-23,67,42,2,85134,51591,14558
2021-02-24,66,42,1,85200,51633,14559
2021-02-25,48,38,2,85248,51671,14561
2021-02-26,45,35,0,85293,51706,14561
2021-02-27,51,36,0,85344,51742,14561
2021-02-28,58,48,1,85402,51790,14562
2021-03-01,79,51,0,85481,51841,14562
2021-03-02,62,43,2,85543,51884,14564
2021-03-03,45,35,2,85588,51919,14566
2021-03-04,46,34,0,85634,51953,14566
2021-03-05,64,46,3,85698,51999,14569
2021-03-06,50,36,0,85748,52035,14569
2021-03-07,51,41,3,85799,52076,14572
2021-03-08,53,38,0,85852,52114,14572
2021-03-09,47,34,0,85899,52148,14572
2021-03-10,53,44,0,85952,52192,14572
2021-03-11,39,26,1,85991,52218,14573
2021-03-12,50,35,0,86041,52253,14573
2021-03-13,51,43,1,86092,52296,14574
2021-03-14,41,27,2,86133,52323,14576
2021-03-15,69,45,4,86202,52368,14580
2021-03-16,42,34,1,86244,52402,14581
2021-03-17,32,26,0,86276,52428,14581
2021-03-18,32,23,0,86308,52451,14581
2021-03-19,42,26,0,86350,52477,14581
2021-03-20,36,28,6,86386,52505,14587
2021-03-21,30,25,4,86416,52530,14591
2021-03-22,47,31,1,86463,52561,14592
2021-03-23,42,26,1,86505,52587,14593
2021-03-24,33,22,0,86538,52609,14593
2021-03-25,45,34,2,86583,52643,14595
2021-03-26,50,35,3,86633,52678,14598
2021-03-27,54,37,2,86687,52715,14600
2021-03-28,37,25,3,86724,52740,14603
2021-03-29,50,43,7,86774,52783,14610
2021-03-30,41,30,3,86815,52813,14613
2021-03-31,64,43,2,86879,52856,14615
2021-04-01,63,45,3,86942,52901,14618
2021-04-02,50,39,2,86992,52940,14620
2021-04-03,57,44,3,87049,52984,14623
2021-04-04,55,44,1,87104,53028,14624
2021-04-05,74,53,1,87178,53081,14625
2021-04-06,41,26,0,87219,53107,14625
2021-04-07,49,31,3,87268,53138,14628
2021-04-08,65,47,2,87333,53185,14630
2021-04-09,53,33,1,87386,53218,14631
2021-04-10,47,32,0,87433,53250,14631
2021-04-11,48,35,1,87481,53285,14632
2021-04-12,73,50,4,87554,53335,14636
2021-04-13,61,52,2,87615,53387,14638
2021-04-14,62,46,5,87677,53433,14643
2021-04-15,74,53,7,87751,53486,14650
2021-04-16,58,38,3,87809,53524,14653
2021-04-17,48,38,4,87857,53562,14657
2021-04-18,57,43,2,87914,53605,14659
2021-04-19,62,48,2,87976,53653,14661
2021-04-20,64,46,3,88040,53699,14664
2021-04-21,71,48,1,88111,53747,14665
2021-04-22,61,47,2,88172,53794,14667
2021-04-23,67,44,5,88239,53838,14672
2021-04-24,64,54,3,88303,53892,14675
2021-04-25,63,39,3,88366,53931,14678
2021-04-26,60,42,1,88426,53973,14679
2021-04-27,44,36,2,88470,54009,14681
2021-04-28,57,41,3,88527,54050,14684
2021-04-29,59,39,2,88586,54089,14686
2021-04-30,54,38,6,88640,54127,14692
2021-05-01,53,44,0,88693,54171,14692
2021-05-02,40,29,1,88733,54200,14693
2021-05-03,41,32,0,88774,54232,14693
2021-05-04,35,20,2,88809,54252,14695
2021-05-05,33,25,1,88842,54277,14696
2021-05-06,25,20,2,88867,54297,14698
2021-05-07,39,28,2,88906,54325,14700
2021-05-08,38,28,3,88944,54353,14703
2021-05-09,30,19,1,88974,54372,14704
2021-05-10,38,27,0,89012,54399,14704
2021-05-11,41,33,1,89053,54432,14705
2021-05-12,27,18,1,89080,54450,14706
2021-05-13,24,20,0,89104,54470,14706
2021-05-14,25,19,0,89129,54489,14706
2021-05-15,26,15,0,89155,54504,14706
2021-05-16,32,24,2,89187,54528,14708
2021-05-17,27,24,0,89214,54552,14708
2021-05-18,28,23,0,89242,54575,14708
2021-05-19,25,15,1,89267,54590,14709
2021-05-20,28,19,1,89295,54609,14710
2021-05-21,28,22,0,89323,54631,14710
2021-05-22,28,22,0,89351,54653,14710
2021-05-23,32,29,0,89383,54682,14710
2021-05-24,23,19,0,89406,54701,14710
2021-05-25,24,21,2,89430,54722,14712
2021-05-26,19,15,0,89449,54737,14712
2021-05-27,16,12,0,89465,54749,14712
2021-05-28,19,14,0,89484,54763,14712
2021-05-29,7,2,0,89491,54765,14712
2021-05-30,17,11,1,89508,54776,14713
2021-05-31,24,15,1,89532,54791,14714
2021-06-01,20,12,0,89552,54803,14714
2021-06-02,23,14,0,89575,54817,14714
2021-06-03,21,16,2,89596,54833,14716
2021-06-04,32,15,3,89628,54848,14719
2021-06-05,13,8,1,89641,54856,14720
2021-06-06,11,10,0,89652,54866,14720
2021-06-07,21,12,2,89673,54878,14722
2021-06-08,18,9,1,89691,54887,14723
2021-06-09,22,10,1,89713,54897,14724
2021-06-10,18,14,0,89731,54911,14724
2021-06-11,17,10,1,89748,54921,14725
2021-06-12,9,6,0,89757,54927,14725
2021-06-13,21,14,0,89778,54941,14725
2021-06-14,25,17,1,89803,54958,14726
2021-06-15,17,11,1,89820,54969,14727
2021-06-16,11,8,1,89831,54977,14728
2021-06-17,16,8,1,89847,54985,14729
2021-06-18,14,10,0,89861,54995,14729
2021-06-19,14,6,0,89875,55001,14729
2021-06-20,15,7,0,89890,55008,14729
2021-06-21,12,6,0,89902,55014,14729
2021-06-22,17,10,0,89919,55024,14729
2021-06-23,14,8,0,89933,55032,14729
2021-06-24,16,13,0,89949,55045,14729
2021-06-25,13,6,0,89962,55051,14729
2021-06-26,7,3,0,89969,55054,14729
2021-06-27,4,1,0,89973,55055,14729
2021-06-28,7,5,0,89980,55060,14729
2021-06-29,10,8,0,89990,55068,14729
2021-06-30,8,5,0,89998,55073,14729
2021-07-01,10,7,0,90008,55080,14729
2021-07-02,10,7,1,90018,55087,14730
2021-07-03,13,5,0,90031,55092,14730
2021-07-04,3,2,0,90034,55094,14730
2021-07-05,18,11,1,90052,55105,14731
2021-07-06,11,7,2,90063,55112,14733
2021-07-07,12,7,0,90075,55119,14733
2021-07-08,13,6,0,90088,55125,14733
2021-07-09,9,5,0,90097,55130,14733
2021-07-10,8,4,0,90105,55134,14733
2021-07-11,6,3,0,90111,55137,14733
2021-07-12,13,5,0,90124,55142,14733
2021-07-13,14,9,0,90138,55151,14733
2021-07-14,4,0,0,90142,55151,14733
2021-07-15,5,4,1,90147,55155,14734
2021-07-16,8,5,1,90155,55160,14735
2021-07-17,6,2,0,90161,55162,14735
2021-07-18,6,2,0,90167,55164,14735
2021-07-19,7,2,0,90174,55166,14735
2021-07-20,8,4,0,90182,55170,14735
2021-07-21,12,9,0,90194,55179,14735
2021-07-22,11,5,0,90205,55184,14735
2021-07-23,9,0,0,90214,55184,14735
2021-07-24,10,4,0,90224,55188,14735
2021-07-25,8,1,0,90232,55189,14735
2021-07-26,7,4,0,90239,55193,14735
2021-07-27,10,6,0,90249,55199,14735
2021-07-28,4,1,0,90253,55200,14735
2021-07-29,4,1,0,90257,55201,14735
2021-07-30,8,3,0,90265,55204,14735
2021-07-31,8,5,1,90273,55209,14736
2021-08-01,11,3,2,90284,55212,14738
2021-08-02,23,8,5,90307,55220,14743
2021-08-03,12,1,1,90319,55221,14744
2021-08-04,10,3,1,90329,55224,14745
2021-08-05,8,2,1,90337,55226,14746
2021-08-06,9,1,0,90346,55227,14746
2021-08-07,7,1,1,90353,55228,14747
2021-08-08,11,1,0,90364,55229,14747
2021-08-09,15,3,1,90379,55232,14748
2021-08-10,7,0,0,90386,55232,14748
2021-08-11,8,1,1,90394,55233,14749
2021-08-12,9,4,1,90403,55237,14750
2021-08-13,12,3,1,90415,55240,14751
2021-08-14,18,2,1,90433,55242,14752
2021-08-15,19,3,1,90452,55245,14753
2021-08-16,21,7,3,90473,55252,14756
2021-08-17,14,3,1,90487,55255,14757
2021-08-18,22,8,1,90509,55263,14758
2021-08-19,12,2,0,90521,55265,14758
2021-08-20,11,2,1,90532,55267,14759
2021-08-21,10,2,2,90542,55269,14761
2021-08-22,12,0,0,90554,55269,14761
2021-08-23,18,7,0,90572,55276,14761
2021-08-24,14,3,0,90586,55279,14761
2021-08-25,7,0,0,90593,55279,14761
2021-08-26,9,1,1,90602,55280,14762
2021-08-27,11,1,0,90613,55281,14762
2021-08-28,11,0,0,90624,55281,14762
2021-08-29,12,3,0,90636,55284,14762
2021-08-30,18,2,2,90654,55286,14764
2021-08-31,12,4,0,90666,55290,14764
2021-09-01,19,4,0,90685,55294,14764
2021-09-02,23,1,1,90708,55295,14765
2021-09-03,12,2,0,90720,55297,14765
2021-09-04,7,0,0,90727,55297,14765
2021-09-05,12,1,0,90739,55298,14765
2021-09-06,19,1,0,90758,55299,14765
2021-09-07,13,1,0,90771,55300,14765
2021-09-08,15,1,0,90786,55301,14765
2021-09-09,14,4,0,90800,55305,14765
2021-09-10,11,1,0,90811,55306,14765
2021-09-11,17,4,0,90828,55310,14765
2021-09-12,20,4,0,90848,55314,14765
2021-09-13,11,1,0,90859,55315,14765
2021-09-14,15,1,0,90874,55316,14765
2021-09-15,16,3,0,90890,55319,14765
2021-09-16,12,0,0,90902,55319,14765
2021-09-17,19,6,0,90921,55325,14765
2021-09-18,20,1,0,90941,55326,14765
2021-09-19,27,4,0,90968,55330,14765
2021-09-20,19,3,0,90987,55333,14765
2021-09-21,27,3,0,91014,55336,14765
2021-09-22,24,2,0,91038,55338,14765
2021-09-23,24,3,0,91062,55341,14765
2021-09-24,18,0,0,91080,55341,14765
2021-09-25,13,1,0,91093,55342,14765
2021-09-26,15,0,0,91108,55342,14765
2021-09-27,25,2,0,91133,55344,14765
2021-09-28,20,1,0,91153,55345,14765
2021-09-29,16,3,0,91169,55348,14765
2021-09-30,16,3,0,91185,55351,14765
2021-10-01,6,0,0,91191,55351,14765
2021-10-02,19,2,0,91210,55353,14765
2021-10-03,22,3,0,91232,55356,14765
2021-10-04,23,1,0,91255,55357,14765
2021-10-05,14,4,0,91269,55361,14765
2021-10-06,22,7,0,91291,55368,14765
2021-10-07,14,1,0,91305,55369,14765
2021-10-08,13,1,0,91318,55370,14765
2021-10-09,20,1,0,91338,55371,14765
2021-10-10,25,2,0,91363,55373,14765
2021-10-11,30,5,0,91393,55378,14765
2021-10-12,35,4,0,91428,55382,14765
2021-10-13,30,4,0,91458,55386,14765
2021-10-14,26,2,0,91484,55388,14765
2021-10-15,33,1,0,91517,55389,14765
2021-10-16,25,3,0,91542,55392,14765
2021-10-17,32,4,0,91574,55396,14765
2021-10-18,27,3,0,91601,55399,14765
2021-10-19,26,3,0,91627,55402,14765
2021-10-20,14,1,0,91641,55403,14765
2021-10-21,18,0,0,91659,55403,14765
2021-10-22,26,0,0,91685,55403,14765
2021-10-23,13,0,0,91698,55403,14765
2021-10-24,16,1,0,91714,55404,14765
2021-10-25,25,1,0,91739,55405,14765
2021-10-26,19,2,0,91758,55407,14765
2021-10-27,12,1,0,91770,55408,14765
2021-10-28,18,3,0,91788,55411,14765
2021-10-29,16,4,0,91804,55415,14765
2021-10-30,11,5,0,91815,55420,14765
2021-10-31,14,12,0,91829,55432,14765
2021-11-01,13,9,0,91842,55441,14765
2021-11-02,18,13,0,91860,55454,14765
2021-11-03,22,13,0,91882,55467,14765
2021-11-04,11,7,0,91893,55474,14765
2021-11-05,13,8,0,91906,55482,14765
2021-11-06,10,8,0,91916,55490,14765
2021-11-07,20,14,0,91936,55504,14765
2021-11-08,25,16,0,91961,55520,14765
2021-11-09,18,8,0,91979,55528,14765
2021-11-10,11,4,0,91990,55532,14765
2021-11-11,12,9,0,92002,55541,14765
2021-11-12,20,5,0,92022,55546,14765
2021-11-13,10,7,0,92032,55553,14765
2021-11-14,15,7,1,92047,55560,14766
2021-11-15,18,11,0,92065,55571,14766
2021-11-16,10,8,0,92075,55579,14766
2021-11-17,15,10,0,92090,55589,14766
2021-11-18,13,7,0,92103,55596,14766
2021-11-19,13,5,0,92116,55601,14766
2021-11-20,12,4,0,92128,55605,14766
2021-11-21,13,11,0,92141,55616,14766
2021-11-22,24,17,0,92165,55633,14766
2021-11-23,15,11,1,92180,55644,14767
2021-11-24,18,13,0,92198,55657,14767
2021-11-25,15,10,0,92213,55667,14767
2021-11-26,11,5,0,92224,55672,14767
2021-11-27,20,15,0,92244,55687,14767
2021-11-28,15,14,0,92259,55701,14767
2021-11-29,27,20,0,92286,55721,14767
2021-11-30,15,13,0,92301,55734,14767
2021-12-01,17,14,0,92318,55748,14767
2021-12-02,10,7,0,92328,55755,14767
2021-12-03,17,15,0,92345,55770,14767
2021-12-04,14,12,0,92359,55782,14767
2021-12-05,22,17,1,92381,55799,14768
2021-12-06,12,12,0,92393,55811,14768
2021-12-07,17,11,0,92410,55822,14768
2021-12-08,15,11,0,92425,55833,14768
2021-12-09,21,16,0,92446,55849,14768
2021-12-10,10,7,0,92456,55856,14768
2021-12-11,17,15,0,92473,55871,14768
2021-12-12,16,14,0,92489,55885,14768
2021-12-13,25,21,0,92514,55906,14768
2021-12-14,13,11,0,92527,55917,14768
2021-12-15,13,11,0,92540,55928,14768
2021-12-16,15,11,0,92555,55939,14768
2021-12-17,10,7,0,92565,55946,14768
2021-12-18,9,9,0,92574,55955,14768
2021-12-19,10,7,0,92584,55962,14768
2021-12-20,26,13,0,92610,55975,14768
2021-12-21,8,2,0,92618,55977,14768
2021-12-22,10,6,1,92628,55983,14769
2021-12-23,7,4,0,92635,55987,14769
2021-12-24,13,7,0,92648,55994,14769
2021-12-25,26,17,0,92674,56011,14769
2021-12-26,29,23,0,92703,56034,14769
2021-12-27,29,21,0,92732,56055,14769
2021-12-28,23,14,0,92755,56069,14769
2021-12-29,11,6,0,92766,56075,14769
2021-12-30,12,11,0,92778,56086,14769
2021-12-31,9,4,0,92787,56090,14769
2022-01-01,13,5,1,92800,56095,14770
2022-01-02,21,3,0,92821,56098,14770
2022-01-03,25,6,0,92846,56104,14770
2022-01-04,22,3,0,92868,56107,14770
2022-01-05,18,4,0,92886,56111,14770
2022-01-06,17,6,0,92903,56117,14770
2022-01-07,21,1,0,92924,56118,14770
2022-01-08,12,2,1,92936,56120,14771
2022-01-09,8,0,0,92944,56120,14771
2022-01-10,20,1,1,92964,56121,14772
2022-01-11,11,2,0,92975,56123,14772
2022-01-12,12,0,0,92987,56123,14772
2022-01-13,15,3,0,93002,56126,14772
2022-01-14,14,0,0,93016,56126,14772
2022-01-15,6,0,0,93022,56126,14772
2022-01-16,13,0,0,93035,56126,14772
2022-01-17,23,2,0,93058,56128,14772
2022-01-18,16,0,0,93074,56128,14772
2022-01-19,9,1,0,93083,56129,14772
2022-01-20,17,2,0,93100,56131,14772
2022-01-21,11,1,0,93111,56132,14772
2022-01-22,20,1,1,93131,56133,14773
2022-01-23,17,1,0,93148,56134,14773
2022-01-24,10,0,0,93158,56134,14773
2022-01-25,15,0,0,93173,56134,14773
2022-01-26,13,2,0,93186,56136,14773
2022-01-27,8,0,0,93194,56136,14773
2022-01-28,10,0,0,93204,56136,14773
2022-01-29,5,1,0,93209,56137,14773
2022-01-30,11,1,0,93220,56138,14773
2022-01-31,13,1,0,93233,56139,14773
2022-02-01,7,0,0,93240,56139,14773
2022-02-02,4,0,0,93244,56139,14773
2022-02-03,7,0,0,93251,56139,14773
2022-02-04,7,1,0,93258,56140,14773
2022-02-05,11,1,0,93269,56141,14773
2022-02-06,6,3,1,93275,56144,14774
2022-02-07,9,1,0,93284,56145,14774
2022-02-08,8,0,0,93292,56145,14774
2022-02-09,7,1,0,93299,56146,14774
2022-02-10,7,0,0,93306,56146,14774
2022-02-11,7,0,0,93313,56146,14774
2022-02-12,9,0,0,93322,56146,14774
2022-02-13,12,1,0,93334,56147,14774
2022-02-14,9,1,0,93343,56148,14774
2022-02-15,7,1,0,93350,56149,14774
2022-02-16,11,1,0,93361,56150,14774
2022-02-17,10,1,0,93371,56151,14774
2022-02-18,9,1,0,93380,56152,14774
2022-02-19,11,0,0,93391,56152,14774
2022-02-20,4,0,0,93395,56152,14774
2022-02-21,12,3,0,93407,56155,14774
2022-02-22,10,4,0,93417,56159,14774
2022-02-23,12,3,0,93429,56162,14774
2022-02-24,15,2,1,93444,56164,14775
2022-02-25,10,2,0,93454,56166,14775
2022-02-26,9,0,0,93463,56166,14775
2022-02-27,14,1,0,93477,56167,14775
2022-02-28,14,0,0,93491,56167,14775
2022-03-01,22,3,3,93513,56170,14778
2022-03-02,16,1,0,93529,56171,14778
2022-03-03,13,4,2,93542,56175,14780
2022-03-04,11,0,0,93553,56175,14780
2022-03-05,16,4,1,93569,56179,14781
2022-03-06,23,1,0,93592,56180,14781
2022-03-07,17,1,1,93609,56181,14782
2022-03-08,13,3,2,93622,56184,14784
2022-03-09,7,0,0,93629,56184,14784
2022-03-10,14,0,0,93643,56184,14784
2022-03-11,20,3,1,93663,56187,14785
2022-03-12,12,3,2,93675,56190,14787
2022-03-13,25,5,2,93700,56195,14789
2022-03-14,24,5,1,93724,56200,14790
2022-03-15,23,6,1,93747,56206,14791
2022-03-16,30,8,2,93777,56214,14793
2022-03-17,16,8,1,93793,56222,14794
2022-03-18,22,9,2,93815,56231,14796
2022-03-19,26,20,3,93841,56251,14799
2022-03-20,38,29,6,93879,56280,14805
2022-03-21,37,26,5,93916,56306,14810
2022-03-22,25,15,0,93941,56321,14810
2022-03-23,38,26,3,93979,56347,14813
2022-03-24,22,7,0,94001,56354,14813
2022-03-25,35,26,6,94036,56380,14819
2022-03-26,35,22,4,94071,56402,14823
2022-03-27,35,27,2,94106,56429,14825
2022-03-28,43,32,1,94149,56461,14826
2022-03-29,40,31,3,94189,56492,14829
2022-03-30,42,30,2,94231,56522,14831
2022-03-31,26,22,2,94257,56544,14833
2022-04-01,54,36,5,94311,56580,14838
2022-04-02,41,30,6,94352,56610,14844
2022-04-03,34,18,1,94386,56628,14845
2022-04-04,46,22,3,94432,56650,14848
2022-04-05,31,19,2,94463,56669,14850
2022-04-06,42,29,3,94505,56698,14853
2022-04-07,58,42,3,94563,56740,14856
2022-04-08,48,38,6,94611,56778,14862
2022-04-09,54,40,3,94665,56818,14865
2022-04-10,52,40,1,94717,56858,14866
2022-04-11,55,39,1,94772,56897,14867
2022-04-12,58,39,8,94830,56936,14875
2022-04-13,48,39,4,94878,56975,14879
2022-04-14,71,53,7,94949,57028,14886
2022-04-15,73,57,6,95022,57085,14892
2022-04-16,54,31,7,95076,57116,14899
2022-04-17,71,46,6,95147,57162,14905
2022-04-18,92,68,3,95239,57230,14908
2022-04-19,81,64,5,95320,57294,14913
2022-04-20,91,71,10,95411,57365,14923
2022-04-21,79,59,4,95490,57424,14927
2022-04-22,96,63,4,95586,57487,14931
2022-04-23,98,76,5,95684,57563,14936
2022-04-24,117,73,5,95801,57636,14941
2022-04-25,132,104,6,95933,57740,14947
2022-04-26,119,95,3,96052,57835,14950
2022-04-27,99,73,3,96151,57908,14953
2022-04-28,89,63,7,96240,57971,14960
2022-04-29,71,46,3,96311,58017,14963
2022-04-30,91,63,6,96402,58080,14969
2022-05-01,134,105,9,96536,58185,14978
2022-05-02,122,103,10,96658,58288,14988
2022-05-03,148,123,18,96806,58411,15006
2022-05-04,139,107,12,96945,58518,15018
2022-05-05,147,119,12,97092,58637,15030
2022-05-06,170,134,14,97262,58771,15044
2022-05-07,157,126,9,97419,58897,15053
2022-05-08,229,178,11,97648,59075,15064
2022-05-09,193,162,7,97841,59237,15071
2022-05-10,165,129,2,98006,59366,15073
2022-05-11,183,149,6,98189,59515,15079
2022-05-12,156,122,9,98345,59637,15088
2022-05-13,165,130,2,98510,59767,15090
2022-05-14,164,138,6,98674,59905,15096
2022-05-15,149,119,2,98823,60024,15098
2022-05-16,181,151,12,99004,60175,15110
2022-05-17,131,105,4,99135,60280,15114
2022-05-18,136,103,7,99271,60383,15121
2022-05-19,125,92,5,99396,60475,15126
2022-05-20,146,114,4,99542,60589,15130
2022-05-21,166,127,2,99708,60716,15132
2022-05-22,171,131,6,99879,60847,15138
2022-05-23,193,145,7,100072,60992,15145
2022-05-24,166,135,0,100238,61127,15145
2022-05-25,152,124,3,100390,61251,15148
2022-05-26,141,109,2,100531,61360,15150
2022-05-27,97,70,1,100628,61430,15151
2022-05-28,94,72,3,100722,61502,15154
2022-05-29,99,79,2,100821,61581,15156
2022-05-30,99,81,0,100920,61662,15156
2022-05-31,85,66,2,101005,61728,15158
2022-06-01,116,87,3,101121,61815,15161
2022-06-02,99,74,1,101220,61889,15162
2022-06-03,126,89,3,101346,61978,15165
2022-06-04,87,65,2,101433,62043,15167
2022-06-05,102,78,1,101535,62121,15168
2022-06-06,104,88,0,101639,62209,15168
2022-06-07,86,65,1,101725,62274,15169
2022-06-08,78,54,0,101803,62328,15169
2022-06-09,88,59,0,101891,62387,15169
2022-06-10,81,63,2,101972,62450,15171
2022-06-11,74,61,1,102046,62511,15172
2022-06-12,97,73,0,102143,62584,15172
2022-06-13,80,58,1,102223,62642,15173
2022-06-14,105,70,1,102328,62712,15174
2022-06-15,69,46,2,102397,62758,15176
2022-06-16,60,51,0,102457,62809,15176
2022-06-17,51,42,1,102508,62851,15177
2022-06-18,56,46,0,102564,62897,15177
2022-06-19,76,56,0,102640,62953,15177
2022-06-20,103,75,2,102743,63028,15179
2022-06-21,88,72,0,102831,63100,15179
2022-06-22,82,62,0,102913,63162,15179
2022-06-23,55,40,2,102968,63202,15181
2022-06-24,76,57,1,103044,63259,15182
2022-06-25,71,56,3,103115,63315,15185
2022-06-26,78,55,0,103193,63370,15185
2022-06-27,83,62,0,103276,63432,15185
2022-06-28,61,41,2,103337,63473,15187
2022-06-29,72,51,1,103409,63524,15188
2022-06-30,46,28,0,103455,63552,15188
2022-07-01,87,54,0,103542,63606,15188
2022-07-02,65,43,2,103607,63649,15190
2022-07-03,92,54,2,103699,63703,15192
2022-07-04,106,59,0,103805,63762,15192
2022-07-05,66,34,0,103871,63796,15192
2022-07-06,84,41,0,103955,63837,15192
2022-07-07,54,27,1,104009,63864,15193
2022-07-08,63,28,0,104072,63892,15193
2022-07-09,61,37,0,104133,63929,15193
2022-07-10,62,38,0,104195,63967,15193
2022-07-11,66,43,0,104261,64010,15193
2022-07-12,41,23,0,104302,64033,15193
2022-07-13,49,26,0,104351,64059,15193
2022-07-14,44,33,2,104395,64092,15195
2022-07-15,49,29,0,104444,64121,15195
2022-07-16,24,12,1,104468,64133,15196
2022-07-17,42,24,0,104510,64157,15196
2022-07-18,42,27,0,104552,64184,15196
2022-07-19,59,35,0,104611,64219,15196
2022-07-20,50,27,0,104661,64246,15196
2022-07-21,69,40,0,104730,64286,15196
2022-07-22,41,28,0,104771,64314,15196
2022-07-23,37,24,0,104808,64338,15196
2022-07-24,33,18,2,104841,64356,15198
2022-07-25,49,21,0,104890,64377,15198
2022-07-26,51,23,1,104941,64400,15199
2022-07-27,42,25,0,104983,64425,15199
2022-07-28,23,12,1,105006,64437,15200
2022-07-29,36,22,0,105042,64459,15200
2022-07-30,20,3,0,105062,64462,15200
2022-07-31,24,6,0,105086,64468,15200
2022-08-01,49,15,3,105135,64483,15203
2022-08-02,39,10,0,105174,64493,15203
2022-08-03,27,9,0,105201,64502,15203
2022-08-04,24,4,0,105225,64506,15203
2022-08-05,21,6,0,105246,64512,15203
2022-08-06,21,7,0,105267,64519,15203
2022-08-07,25,9,0,105292,64528,15203
2022-08-08,34,12,0,105326,64540,15203
2022-08-09,42,17,0,105368,64557,15203
2022-08-10,14,4,0,105382,64561,15203
2022-08-11,31,9,1,105413,64570,15204
2022-08-12,24,8,1,105437,64578,15205
2022-08-13,20,4,0,105457,64582,15205
2022-08-14,29,12,0,105486,64594,15205
2022-08-15,41,15,0,105527,64609,15205
2022-08-16,44,20,0,105571,64629,15205
2022-08-17,29,18,1,105600,64647,15206
2022-08-18,18,9,0,105618,64656,15206
2022-08-19,15,7,0,105633,64663,15206
2022-08-20,21,9,0,105654,64672,15206
2022-08-21,30,12,0,105684,64684,15206
2022-08-22,32,17,0,105716,64701,15206
2022-08-23,31,18,0,105747,64719,15206
2022-08-24,24,12,0,105771,64731,15206
2022-08-25,33,21,0,105804,64752,15206
2022-08-26,29,7,0,105833,64759,15206
2022-08-27,27,17,1,105860,64776,15207
2022-08-28,23,12,1,105883,64788,15208
2022-08-29,21,6,0,105904,64794,15208
2022-08-30,25,18,0,105929,64812,15208
2022-08-31,23,13,0,105952,64825,15208
2022-09-01,23,17,0,105975,64842,15208
2022-09-02,25,14,0,106000,64856,15208
2022-09-03,27,16,1,106027,64872,15209
2022-09-04,31,18,0,106058,64890,15209
2022-09-05,29,12,0,106087,64902,15209
2022-09-06,28,12,0,106115,64914,15209
2022-09-07,23,12,0,106138,64926,15209
2022-09-08,29,13,0,106167,64939,15209
2022-09-09,22,8,1,106189,64947,15210
2022-09-10,24,11,0,106213,64958,15210
2022-09-11,23,16,0,106236,64974,15210
2022-09-12,33,14,0,106269,64988,15210
2022-09-13,16,9,0,106285,64997,15210
2022-09-14,29,18,0,106314,65015,15210
2022-09-15,13,8,0,106327,65023,15210
2022-09-16,25,13,0,106352,65036,15210
2022-09-17,16,13,1,106368,65049,15211
2022-09-18,25,16,0,106393,65065,15211
2022-09-19,28,13,0,106421,65078,15211
2022-09-20,18,7,0,106439,65085,15211
2022-09-21,22,14,0,106461,65099,15211
2022-09-22,21,10,0,106482,65109,15211
2022-09-23,19,10,0,106501,65119,15211
2022-09-24,30,15,1,106531,65134,15212
2022-09-25,19,10,0,106550,65144,15212
2022-09-26,35,17,0,106585,65161,15212
2022-09-27,23,9,0,106608,65170,15212
2022-09-28,26,15,1,106634,65185,15213
2022-09-29,16,8,0,106650,65193,15213
2022-09-30,16,9,0,106666,65202,15213
2022-10-01,21,12,0,106687,65214,15213
2022-10-02,21,10,0,106708,65224,15213
2022-10-03,35,16,0,106743,65240,15213
2022-10-04,36,19,0,106779,65259,15213
2022-10-05,16,5,0,106795,65264,15213
2022-10-06,29,15,0,106824,65279,15213
2022-10-07,15,7,0,106839,65286,15213
2022-10-08,12,4,0,106851,65290,15213
2022-10-09,15,9,0,106866,65299,15213
2022-10-10,21,11,0,106887,65310,15213
2022-10-11,16,10,0,106903,65320,15213
2022-10-12,18,7,0,106921,65327,15213
2022-10-13,19,7,0,106940,65334,15213
2022-10-14,24,9,0,106964,65343,15213
2022-10-15,18,8,1,106982,65351,15214
2022-10-16,19,13,0,107001,65364,15214
2022-10-17,26,14,0,107027,65378,15214
2022-10-18,36,23,0,107063,65401,15214
2022-10-19,25,13,0,107088,65414,15214
2022-10-20,36,13,2,107124,65427,15216
2022-10-21,35,16,1,107159,65443,15217
2022-10-22,22,12,0,107181,65455,15217
2022-10-23,37,19,0,107218,65474,15217
2022-10-24,49,24,0,107267,65498,15217
2022-10-25,28,19,0,107295,65517,15217
2022-10-26,40,23,0,107335,65540,15217
2022-10-27,32,14,0,107367,65554,15217
2022-10-28,26,16,0,107393,65570,15217
2022-10-29,21,16,0,107414,65586,15217
2022-10-30,24,10,0,107438,65596,15217
2022-10-31,25,15,1,107463,65611,15218
2022-11-01,40,13,0,107503,65624,15218
2022-11-02,38,17,0,107541,65641,15218
2022-11-03,38,14,0,107579,65655,15218
2022-11-04,26,15,0,107605,65670,15218
2022-11-05,35,16,1,107640,65686,15219
2022-11-06,35,16,0,107675,65702,15219
2022-11-07,56,25,0,107731,65727,15219
2022-11-08,53,29,0,107784,65756,15219
2022-11-09,41,24,1,107825,65780,15220
2022-11-10,47,29,0,107872,65809,15220
2022-11-11,46,22,1,107918,65831,15221
2022-11-12,33,16,0,107951,65847,15221
2022-11-13,31,23,0,107982,65870,15221
2022-11-14,52,37,0,108034,65907,15221
2022-11-15,59,38,0,108093,65945,15221
2022-11-16,69,45,0,108162,65990,15221
2022-11-17,52,41,1,108214,66031,15222
2022-11-18,43,27,1,108257,66058,15223
2022-11-19,40,26,0,108297,66084,15223
2022-11-20,67,42,2,108364,66126,15225
2022-11-21,66,51,0,108430,66177,15225
2022-11-22,59,44,0,108489,66221,15225
2022-11-23,43,29,2,108532,66250,15227
2022-11-24,52,26,0,108584,66276,15227
2022-11-25,53,36,0,108637,66312,15227
2022-11-26,29,15,1,108666,66327,15228
2022-11-27,42,27,1,108708,66354,15229
2022-11-28,51,33,0,108759,66387,15229
2022-11-29,46,29,0,108805,66416,15229
2022-11-30,34,22,0,108839,66438,15229
2022-12-01,67,40,2,108906,66478,15231
2022-12-02,46,27,0,108952,66505,15231
2022-12-03,46,23,0,108998,66528,15231
2022-12-04,44,27,2,109042,66555,15233
2022-12-05,63,36,0,109105,66591,15233
2022-12-06,45,22,1,109150,66613,15234
2022-12-07,40,25,0,109190,66638,15234
2022-12-08,28,18,0,109218,66656,15234
2022-12-09,42,23,0,109260,66679,15234
2022-12-10,30,20,0,109290,66699,15234
2022-12-11,36,21,1,109326,66720,15235
2022-12-12,54,32,3,109380,66752,15238
2022-12-13,45,20,2,109425,66772,15240
2022-12-14,52,30,1,109477,66802,15241
2022-12-15,51,25,2,109528,66827,15243
2022-12-16,53,30,0,109581,66857,15243
2022-12-17,31,24,1,109612,66881,15244
2022-12-18,28,16,3,109640,66897,15247
2022-12-19,43,19,4,109683,66916,15251
2022-12-20,37,23,2,109720,66939,15253
2022-12-21,25,20,1,109745,66959,15254
2022-12-22,23,13,0,109768,66972,15254
2022-12-23,28,13,1,109796,66985,15255
2022-12-24,21,13,2,109817,66998,15257
2022-12-25,27,16,0,109844,67014,15257
2022-12-26,45,26,4,109889,67040,15261
2022-12-27,34,17,0,109923,67057,15261
2022-12-28,19,12,1,109942,67069,15262
2022-12-29,22,15,3,109964,67084,15265
2022-12-30,12,9,1,109976,67093,15266
